  1 2 83 -1
  1 2 84 -1
  1 2 85 -1
  1 2 86 -1
  1 2 87 -1
  1 2 88 -1
  1 2 89 -1
  1 2 90 -1
  1 2 91 -1
  1 2 92 -1
  1 2 93 -1
  1 2 94 -1
  1 2 95 -1
  1 2 96 -1
  1 2 97 -1
  1 2 98 -1
  1 2 99 -1
  1 2 100 -1
  1 2 101 -1
  1 2 102 -1
  1 2 103 -1
  1 3 104 -1
  1 3 105 -1
  1 3 106 -1
  1 3 107 -1
  1 3 108 -1
  1 3 109 -1
  1 3 110 -1
  1 3 111 -1
  1 3 112 -1
  1 3 113 -1
  1 3 114 -1
  1 3 115 -1
  1 3 116 -1
  1 3 117 -1
  1 3 118 -1
  1 3 119 -1
  1 3 120 -1
  1 3 121 -1
  1 3 122 -1
  1 3 123 -1
  1 3 124 -1
  1 3 125 -1
  1 3 126 -1
  1 3 127 -1
  1 3 128 -1
  1 3 129 -1
  1 3 130 -1
  1 3 131 -1
  1 3 132 -1
  1 3 133 -1
  1 3 134 -1
  1 3 135 -1
  1 3 136 -1
  1 3 137 -1
  1 3 138 -1
  1 3 139 -1
  1 3 140 -1
  1 4 141 -1
  1 4 142 -1
  1 4 143 -1
  1 4 144 -1
  1 4 145 -1
  1 4 146 -1
  1 4 147 -1
  1 4 148 -1
  1 4 149 -1
  1 4 150 -1
  1 5 150 -1
  1 6 150 -1
  1 7 150 -1
  1 8 150 -1
  1 9 150 -1
  1 10 150 -1
  1 11 150 -1
  1 12 150 -1
  1 13 150 -1
  1 14 150 -1
  1 15 150 -1
  1 16 150 -1
  1 17 150 -1
  1 18 150 -1
  1 19 150 -1
  1 20 150 -1
  1 21 150 -1
  1 22 150 -1
  1 23 150 -1
  1 24 150 -1
  1 25 150 -1
  1 26 150 -1
  1 27 150 -1
  1 28 150 -1
  1 29 150 -1
  1 30 150 -1
  1 31 150 -1
  1 32 150 -1
  1 33 150 -1
  1 34 150 -1
  1 35 150 -1
  1 36 150 -1
  1 37 150 -1
  1 38 150 -1
  1 39 150 -1
  1 40 150 -1
  1 41 150 -1
  1 42 150 -1
  1 43 150 -1
  1 44 150 -1
  1 45 150 -1
  1 46 150 -1
  1 47 150 -1
  1 48 150 -1
  1 49 149 -1
  1 49 150 -1
  2 2 83 -1
  2 2 84 -1
  2 2 85 -1
  2 2 86 -1
  2 2 87 -1
  2 2 88 -1
  2 2 89 -1
  2 2 90 -1
  2 2 91 -1
  2 2 92 -1
  2 2 93 -1
  2 2 94 -1
  2 2 95 -1
  2 2 96 -1
  2 2 97 -1
  2 2 98 -1
  2 2 99 -1
  2 2 100 -1
  2 2 101 -1
  2 2 102 -1
  2 2 103 -1
  2 3 104 -1
  2 3 105 -1
  2 3 106 -1
  2 3 107 -1
  2 3 108 -1
  2 3 109 -1
  2 3 110 -1
  2 3 111 -1
  2 3 112 -1
  2 3 113 -1
  2 3 114 -1
  2 3 115 -1
  2 3 116 -1
  2 3 117 -1
  2 3 118 -1
  2 3 119 -1
  2 3 120 -1
  2 3 121 -1
  2 3 122 -1
  2 3 123 -1
  2 3 124 -1
  2 3 125 -1
  2 3 126 -1
  2 3 127 -1
  2 3 128 -1
  2 3 129 -1
  2 3 130 -1
  2 3 131 -1
  2 3 132 -1
  2 3 133 -1
  2 3 134 -1
  2 3 135 -1
  2 3 136 -1
  2 3 137 -1
  2 3 138 -1
  2 3 139 -1
  2 3 140 -1
  2 4 141 -1
  2 4 142 -1
  2 4 143 -1
  2 4 144 -1
  2 4 145 -1
  2 4 146 -1
  2 4 147 -1
  2 4 148 -1
  2 4 149 -1
  2 4 150 -1
  2 5 150 -1
  2 6 150 -1
  2 7 150 -1
  2 8 150 -1
  2 9 150 -1
  2 10 150 -1
  2 11 150 -1
  2 12 150 -1
  2 13 150 -1
  2 14 150 -1
  2 15 150 -1
  2 16 150 -1
  2 17 150 -1
  2 18 150 -1
  2 19 150 -1
  2 20 150 -1
  2 21 150 -1
  2 22 150 -1
  2 23 150 -1
  2 24 150 -1
  2 25 150 -1
  2 26 150 -1
  2 27 150 -1
  2 28 150 -1
  2 29 150 -1
  2 30 150 -1
  2 31 150 -1
  2 32 150 -1
  2 33 150 -1
  2 34 150 -1
  2 35 150 -1
  2 36 150 -1
  2 37 150 -1
  2 38 150 -1
  2 39 150 -1
  2 40 150 -1
  2 41 150 -1
  2 42 150 -1
  2 43 150 -1
  2 44 150 -1
  2 45 150 -1
  2 46 150 -1
  2 47 150 -1
  2 48 150 -1
  2 49 149 -1
  2 49 150 -1
  3 2 83 -1
  3 2 84 -1
  3 2 85 -1
  3 2 86 -1
  3 2 87 -1
  3 2 88 -1
  3 2 89 -1
  3 2 90 -1
  3 2 91 -1
  3 2 92 -1
  3 2 93 -1
  3 2 94 -1
  3 2 95 -1
  3 2 96 -1
  3 2 97 -1
  3 2 98 -1
  3 2 99 -1
  3 2 100 -1
  3 2 101 -1
  3 2 102 -1
  3 2 103 -1
  3 3 104 -1
  3 3 105 -1
  3 3 106 -1
  3 3 107 -1
  3 3 108 -1
  3 3 109 -1
  3 3 110 -1
  3 3 111 -1
  3 3 112 -1
  3 3 113 -1
  3 3 114 -1
  3 3 115 -1
  3 3 116 -1
  3 3 117 -1
  3 3 118 -1
  3 3 119 -1
  3 3 120 -1
  3 3 121 -1
  3 3 122 -1
  3 3 123 -1
  3 3 124 -1
  3 3 125 -1
  3 3 126 -1
  3 3 127 -1
  3 3 128 -1
  3 3 129 -1
  3 3 130 -1
  3 3 131 -1
  3 3 132 -1
  3 3 133 -1
  3 3 134 -1
  3 3 135 -1
  3 3 136 -1
  3 3 137 -1
  3 3 138 -1
  3 3 139 -1
  3 3 140 -1
  3 4 141 -1
  3 4 142 -1
  3 4 143 -1
  3 4 144 -1
  3 4 145 -1
  3 4 146 -1
  3 4 147 -1
  3 4 148 -1
  3 4 149 -1
  3 4 150 -1
  3 5 150 -1
  3 6 150 -1
  3 7 150 -1
  3 8 150 -1
  3 9 150 -1
  3 10 150 -1
  3 11 150 -1
  3 12 150 -1
  3 13 150 -1
  3 14 150 -1
  3 15 150 -1
  3 16 150 -1
  3 17 150 -1
  3 18 150 -1
  3 19 150 -1
  3 20 150 -1
  3 21 150 -1
  3 22 150 -1
  3 23 150 -1
  3 24 150 -1
  3 25 150 -1
  3 26 150 -1
  3 27 150 -1
  3 28 150 -1
  3 29 150 -1
  3 30 150 -1
  3 31 150 -1
  3 32 150 -1
  3 33 150 -1
  3 34 150 -1
  3 35 150 -1
  3 36 150 -1
  3 37 150 -1
  3 38 150 -1
  3 39 150 -1
  3 40 150 -1
  3 41 150 -1
  3 42 150 -1
  3 43 150 -1
  3 44 150 -1
  3 45 150 -1
  3 46 150 -1
  3 47 150 -1
  3 48 150 -1
  3 49 149 -1
  3 49 150 -1
  4 2 83 -1
  4 2 84 -1
  4 2 85 -1
  4 2 86 -1
  4 2 87 -1
  4 2 88 -1
  4 2 89 -1
  4 2 90 -1
  4 2 91 -1
  4 2 92 -1
  4 2 93 -1
  4 2 94 -1
  4 2 95 -1
  4 2 96 -1
  4 2 97 -1
  4 2 98 -1
  4 2 99 -1
  4 2 100 -1
  4 2 101 -1
  4 2 102 -1
  4 2 103 -1
  4 3 104 -1
  4 3 105 -1
  4 3 106 -1
  4 3 107 -1
  4 3 108 -1
  4 3 109 -1
  4 3 110 -1
  4 3 111 -1
  4 3 112 -1
  4 3 113 -1
  4 3 114 -1
  4 3 115 -1
  4 3 116 -1
  4 3 117 -1
  4 3 118 -1
  4 3 119 -1
  4 3 120 -1
  4 3 121 -1
  4 3 122 -1
  4 3 123 -1
  4 3 124 -1
  4 3 125 -1
  4 3 126 -1
  4 3 127 -1
  4 3 128 -1
  4 3 129 -1
  4 3 130 -1
  4 3 131 -1
  4 3 132 -1
  4 3 133 -1
  4 3 134 -1
  4 3 135 -1
  4 3 136 -1
  4 3 137 -1
  4 3 138 -1
  4 3 139 -1
  4 3 140 -1
  4 4 141 -1
  4 4 142 -1
  4 4 143 -1
  4 4 144 -1
  4 4 145 -1
  4 4 146 -1
  4 4 147 -1
  4 4 148 -1
  4 4 149 -1
  4 4 150 -1
  4 5 150 -1
  4 6 150 -1
  4 7 150 -1
  4 8 150 -1
  4 9 150 -1
  4 10 150 -1
  4 11 150 -1
  4 12 150 -1
  4 13 150 -1
  4 14 150 -1
  4 15 150 -1
  4 16 150 -1
  4 17 150 -1
  4 18 150 -1
  4 19 150 -1
  4 20 150 -1
  4 21 150 -1
  4 22 150 -1
  4 23 150 -1
  4 24 150 -1
  4 25 150 -1
  4 26 150 -1
  4 27 150 -1
  4 28 150 -1
  4 29 150 -1
  4 30 150 -1
  4 31 150 -1
  4 32 150 -1
  4 33 150 -1
  4 34 150 -1
  4 35 150 -1
  4 36 150 -1
  4 37 150 -1
  4 38 150 -1
  4 39 150 -1
  4 40 150 -1
  4 41 150 -1
  4 42 150 -1
  4 43 150 -1
  4 44 150 -1
  4 45 150 -1
  4 46 150 -1
  4 47 150 -1
  4 48 150 -1
  4 49 149 -1
  4 49 150 -1
  5 2 83 -1
  5 2 84 -1
  5 2 85 -1
  5 2 86 -1
  5 2 87 -1
  5 2 88 -1
  5 2 89 -1
  5 2 90 -1
  5 2 91 -1
  5 2 92 -1
  5 2 93 -1
  5 2 94 -1
  5 2 95 -1
  5 2 96 -1
  5 2 97 -1
  5 2 98 -1
  5 2 99 -1
  5 2 100 -1
  5 2 101 -1
  5 2 102 -1
  5 2 103 -1
  5 3 104 -1
  5 3 105 -1
  5 3 106 -1
  5 3 107 -1
  5 3 108 -1
  5 3 109 -1
  5 3 110 -1
  5 3 111 -1
  5 3 112 -1
  5 3 113 -1
  5 3 114 -1
  5 3 115 -1
  5 3 116 -1
  5 3 117 -1
  5 3 118 -1
  5 3 119 -1
  5 3 120 -1
  5 3 121 -1
  5 3 122 -1
  5 3 123 -1
  5 3 124 -1
  5 3 125 -1
  5 3 126 -1
  5 3 127 -1
  5 3 128 -1
  5 3 129 -1
  5 3 130 -1
  5 3 131 -1
  5 3 132 -1
  5 3 133 -1
  5 3 134 -1
  5 3 135 -1
  5 3 136 -1
  5 3 137 -1
  5 3 138 -1
  5 3 139 -1
  5 3 140 -1
  5 4 141 -1
  5 4 142 -1
  5 4 143 -1
  5 4 144 -1
  5 4 145 -1
  5 4 146 -1
  5 4 147 -1
  5 4 148 -1
  5 4 149 -1
  5 4 150 -1
  5 5 150 -1
  5 6 150 -1
  5 7 150 -1
  5 8 150 -1
  5 9 150 -1
  5 10 150 -1
  5 11 150 -1
  5 12 150 -1
  5 13 150 -1
  5 14 150 -1
  5 15 150 -1
  5 16 150 -1
  5 17 150 -1
  5 18 150 -1
  5 19 150 -1
  5 20 150 -1
  5 21 150 -1
  5 22 150 -1
  5 23 150 -1
  5 24 150 -1
  5 25 150 -1
  5 26 150 -1
  5 27 150 -1
  5 28 150 -1
  5 29 150 -1
  5 30 150 -1
  5 31 150 -1
  5 32 150 -1
  5 33 150 -1
  5 34 150 -1
  5 35 150 -1
  5 36 150 -1
  5 37 150 -1
  5 38 150 -1
  5 39 150 -1
  5 40 150 -1
  5 41 150 -1
  5 42 150 -1
  5 43 150 -1
  5 44 150 -1
  5 45 150 -1
  5 46 150 -1
  5 47 150 -1
  5 48 150 -1
  5 49 149 -1
  5 49 150 -1
  6 2 83 -1
  6 2 84 -1
  6 2 85 -1
  6 2 86 -1
  6 2 87 -1
  6 2 88 -1
  6 2 89 -1
  6 2 90 -1
  6 2 91 -1
  6 2 92 -1
  6 2 93 -1
  6 2 94 -1
  6 2 95 -1
  6 2 96 -1
  6 2 97 -1
  6 2 98 -1
  6 2 99 -1
  6 2 100 -1
  6 2 101 -1
  6 2 102 -1
  6 2 103 -1
  6 3 104 -1
  6 3 105 -1
  6 3 106 -1
  6 3 107 -1
  6 3 108 -1
  6 3 109 -1
  6 3 110 -1
  6 3 111 -1
  6 3 112 -1
  6 3 113 -1
  6 3 114 -1
  6 3 115 -1
  6 3 116 -1
  6 3 117 -1
  6 3 118 -1
  6 3 119 -1
  6 3 120 -1
  6 3 121 -1
  6 3 122 -1
  6 3 123 -1
  6 3 124 -1
  6 3 125 -1
  6 3 126 -1
  6 3 127 -1
  6 3 128 -1
  6 3 129 -1
  6 3 130 -1
  6 3 131 -1
  6 3 132 -1
  6 3 133 -1
  6 3 134 -1
  6 3 135 -1
  6 3 136 -1
  6 3 137 -1
  6 3 138 -1
  6 3 139 -1
  6 3 140 -1
  6 4 141 -1
  6 4 142 -1
  6 4 143 -1
  6 4 144 -1
  6 4 145 -1
  6 4 146 -1
  6 4 147 -1
  6 4 148 -1
  6 4 149 -1
  6 4 150 -1
  6 5 150 -1
  6 6 150 -1
  6 7 150 -1
  6 8 150 -1
  6 9 150 -1
  6 10 150 -1
  6 11 150 -1
  6 12 150 -1
  6 13 150 -1
  6 14 150 -1
  6 15 150 -1
  6 16 150 -1
  6 17 150 -1
  6 18 150 -1
  6 19 150 -1
  6 20 150 -1
  6 21 150 -1
  6 22 150 -1
  6 23 150 -1
  6 24 150 -1
  6 25 150 -1
  6 26 150 -1
  6 27 150 -1
  6 28 150 -1
  6 29 150 -1
  6 30 150 -1
  6 31 150 -1
  6 32 150 -1
  6 33 150 -1
  6 34 150 -1
  6 35 150 -1
  6 36 150 -1
  6 37 150 -1
  6 38 150 -1
  6 39 150 -1
  6 40 150 -1
  6 41 150 -1
  6 42 150 -1
  6 43 150 -1
  6 44 150 -1
  6 45 150 -1
  6 46 150 -1
  6 47 150 -1
  6 48 150 -1
  6 49 149 -1
  6 49 150 -1
