  8 1 61 13
  8 1 62 13
  8 1 63 13
  8 1 64 13
  8 1 65 13
  8 1 66 13
  8 1 67 13
  8 2 60 13
  8 2 61 13
  8 2 62 13
  8 2 63 13
  8 2 64 13
  8 2 65 13
  8 2 66 13
  8 2 67 13
  8 2 68 13
  8 2 69 13
  8 2 70 13
  8 2 71 13
  8 2 72 13
  8 2 73 13
  8 2 74 13
  8 2 75 13
  8 2 76 13
  8 2 77 13
  8 2 78 13
  8 2 79 13
  8 2 80 13
  8 2 81 13
  8 2 82 13
  8 2 83 13
  8 2 84 13
  8 2 85 13
  8 2 86 13
  8 2 87 13
  8 2 88 13
  8 2 89 13
  8 2 90 13
  8 2 91 13
  8 2 92 13
  8 2 93 13
  8 2 94 13
  8 2 95 13
  8 2 96 13
  8 2 97 13
  8 2 98 13
  8 2 99 13
  8 2 100 13
  8 2 101 13
  8 2 102 13
  8 2 103 13
  8 3 58 13
  8 3 59 13
  8 3 60 13
  8 3 61 13
  8 3 62 13
  8 3 63 13
  8 3 64 13
  8 3 65 13
  8 3 66 13
  8 3 67 13
  8 3 68 13
  8 3 69 13
  8 3 70 13
  8 3 71 13
  8 3 72 13
  8 3 73 13
  8 3 74 13
  8 3 75 13
  8 3 76 13
  8 3 77 13
  8 3 78 13
  8 3 79 13
  8 3 80 13
  8 3 81 13
  8 3 82 13
  8 3 83 13
  8 3 84 13
  8 3 85 13
  8 3 86 13
  8 3 87 13
  8 3 88 13
  8 3 89 13
  8 3 90 13
  8 3 91 13
  8 3 92 13
  8 3 93 13
  8 3 94 13
  8 3 95 13
  8 3 96 13
  8 3 97 13
  8 3 98 13
  8 3 99 13
  8 3 100 13
  8 3 101 13
  8 3 102 13
  8 3 103 13
  8 3 104 13
  8 3 105 13
  8 3 106 13
  8 3 107 13
  8 3 108 13
  8 3 109 13
  8 3 110 13
  8 3 111 13
  8 3 112 13
  8 3 113 13
  8 3 114 13
  8 3 115 13
  8 3 116 13
  8 3 117 13
  8 3 118 13
  8 3 119 13
  8 3 120 13
  8 3 121 13
  8 3 122 13
  8 3 123 13
  8 3 124 13
  8 3 125 13
  8 3 126 13
  8 3 127 13
  8 3 128 13
  8 3 129 13
  8 3 130 13
  8 3 131 13
  8 3 132 13
  8 3 133 13
  8 3 134 13
  8 3 135 13
  8 3 136 13
  8 3 137 13
  8 3 138 13
  8 3 139 13
  8 3 140 13
  8 4 57 13
  8 4 58 13
  8 4 59 13
  8 4 60 13
  8 4 61 13
  8 4 62 13
  8 4 63 13
  8 4 64 13
  8 4 65 13
  8 4 66 13
  8 4 67 13
  8 4 68 13
  8 4 69 13
  8 4 70 13
  8 4 71 13
  8 4 72 13
  8 4 73 13
  8 4 74 13
  8 4 75 13
  8 4 76 13
  8 4 77 13
  8 4 78 13
  8 4 79 13
  8 4 80 13
  8 4 81 13
  8 4 82 13
  8 4 83 13
  8 4 84 13
  8 4 85 13
  8 4 86 13
  8 4 87 13
  8 4 88 13
  8 4 89 13
  8 4 90 13
  8 4 91 13
  8 4 92 13
  8 4 93 13
  8 4 94 13
  8 4 95 13
  8 4 96 13
  8 4 97 13
  8 4 98 13
  8 4 99 13
  8 4 100 13
  8 4 101 13
  8 4 102 13
  8 4 103 13
  8 4 104 13
  8 4 105 13
  8 4 106 13
  8 4 107 13
  8 4 108 13
  8 4 109 13
  8 4 110 13
  8 4 111 13
  8 4 112 13
  8 4 113 13
  8 4 114 13
  8 4 115 13
  8 4 116 13
  8 4 117 13
  8 4 118 13
  8 4 119 13
  8 4 120 13
  8 4 121 13
  8 4 122 13
  8 4 123 13
  8 4 124 13
  8 4 125 13
  8 4 126 13
  8 4 127 13
  8 4 128 13
  8 4 129 13
  8 4 130 13
  8 4 131 13
  8 4 132 13
  8 4 133 13
  8 4 134 13
  8 4 135 13
  8 4 136 13
  8 4 137 13
  8 4 138 13
  8 4 139 13
  8 4 140 13
  8 4 141 13
  8 4 142 13
  8 4 143 13
  8 4 144 13
  8 4 145 13
  8 4 146 13
  8 4 147 13
  8 4 148 13
  8 4 149 13
  8 5 55 13
  8 5 56 13
  8 5 57 13
  8 5 58 13
  8 5 59 13
  8 5 60 13
  8 5 61 13
  8 5 62 13
  8 5 63 13
  8 5 64 13
  8 5 65 13
  8 5 66 13
  8 5 67 13
  8 5 68 13
  8 5 69 13
  8 5 70 13
  8 5 71 13
  8 5 72 13
  8 5 73 13
  8 5 74 13
  8 5 75 13
  8 5 76 13
  8 5 77 13
  8 5 78 13
  8 5 79 13
  8 5 80 13
  8 5 81 13
  8 5 82 13
  8 5 83 13
  8 5 84 13
  8 5 85 13
  8 5 86 13
  8 5 87 13
  8 5 88 13
  8 5 89 13
  8 5 90 13
  8 5 91 13
  8 5 92 13
  8 5 93 13
  8 5 94 13
  8 5 95 13
  8 5 96 13
  8 5 97 13
  8 5 98 13
  8 5 99 13
  8 5 100 13
  8 5 101 13
  8 5 102 13
  8 5 103 13
  8 5 104 13
  8 5 105 13
  8 5 106 13
  8 5 107 13
  8 5 108 13
  8 5 109 13
  8 5 110 13
  8 5 111 13
  8 5 112 13
  8 5 113 13
  8 5 114 13
  8 5 115 13
  8 5 116 13
  8 5 117 13
  8 5 118 13
  8 5 119 13
  8 5 120 13
  8 5 121 13
  8 5 122 13
  8 5 123 13
  8 5 124 13
  8 5 125 13
  8 5 126 13
  8 5 127 13
  8 5 128 13
  8 5 129 13
  8 5 130 13
  8 5 131 13
  8 5 132 13
  8 5 133 13
  8 5 134 13
  8 5 135 13
  8 5 136 13
  8 5 137 13
  8 5 138 13
  8 5 139 13
  8 5 140 13
  8 5 141 13
  8 5 142 13
  8 5 143 13
  8 5 144 13
  8 5 145 13
  8 5 146 13
  8 5 147 13
  8 5 148 13
  8 5 149 13
  8 6 54 13
  8 6 55 13
  8 6 56 13
  8 6 57 13
  8 6 58 13
  8 6 59 13
  8 6 60 13
  8 6 61 13
  8 6 62 13
  8 6 63 13
  8 6 64 13
  8 6 65 13
  8 6 66 13
  8 6 67 13
  8 6 68 13
  8 6 69 13
  8 6 70 13
  8 6 71 13
  8 6 72 13
  8 6 73 13
  8 6 74 13
  8 6 75 13
  8 6 76 13
  8 6 77 13
  8 6 78 13
  8 6 79 13
  8 6 80 13
  8 6 81 13
  8 6 82 13
  8 6 83 13
  8 6 84 13
  8 6 85 13
  8 6 86 13
  8 6 87 13
  8 6 88 13
  8 6 89 13
  8 6 90 13
  8 6 91 13
  8 6 92 13
  8 6 93 13
  8 6 94 13
  8 6 95 13
  8 6 96 13
  8 6 97 13
  8 6 98 13
  8 6 99 13
  8 6 100 13
  8 6 101 13
  8 6 102 13
  8 6 103 13
  8 6 104 13
  8 6 105 13
  8 6 106 13
  8 6 107 13
  8 6 108 13
  8 6 109 13
  8 6 110 13
  8 6 111 13
  8 6 112 13
  8 6 113 13
  8 6 114 13
  8 6 115 13
  8 6 116 13
  8 6 117 13
  8 6 118 13
  8 6 119 13
  8 6 120 13
  8 6 121 13
  8 6 122 13
  8 6 123 13
  8 6 124 13
  8 6 125 13
  8 6 126 13
  8 6 127 13
  8 6 128 13
  8 6 129 13
  8 6 130 13
  8 6 131 13
  8 6 132 13
  8 6 133 13
  8 6 134 13
  8 6 135 13
  8 6 136 13
  8 6 137 13
  8 6 138 13
  8 6 139 13
  8 6 140 13
  8 6 141 13
  8 6 142 13
  8 6 143 13
  8 6 144 13
  8 6 145 13
  8 6 146 13
  8 6 147 13
  8 6 148 13
  8 6 149 13
  8 7 52 13
  8 7 53 13
  8 7 54 13
  8 7 55 13
  8 7 56 13
  8 7 57 13
  8 7 58 13
  8 7 59 13
  8 7 60 13
  8 7 61 13
  8 7 62 13
  8 7 63 13
  8 7 64 13
  8 7 65 13
  8 7 66 13
  8 7 67 13
  8 7 68 13
  8 7 69 13
  8 7 70 13
  8 7 71 13
  8 7 72 13
  8 7 73 13
  8 7 74 13
  8 7 75 13
  8 7 76 13
  8 7 77 13
  8 7 78 13
  8 7 79 13
  8 7 80 13
  8 7 81 13
  8 7 82 13
  8 7 83 13
  8 7 84 13
  8 7 85 13
  8 7 86 13
  8 7 87 13
  8 7 88 13
  8 7 89 13
  8 7 90 13
  8 7 91 13
  8 7 92 13
  8 7 93 13
  8 7 94 13
  8 7 95 13
  8 7 96 13
  8 7 97 13
  8 7 98 13
  8 7 99 13
  8 7 100 13
  8 7 101 13
  8 7 102 13
  8 7 103 13
  8 7 104 13
  8 7 105 13
  8 7 106 13
  8 7 107 13
  8 7 108 13
  8 7 109 13
  8 7 110 13
  8 7 111 13
  8 7 112 13
  8 7 113 13
  8 7 114 13
  8 7 115 13
  8 7 116 13
  8 7 117 13
  8 7 118 13
  8 7 119 13
  8 7 120 13
  8 7 121 13
  8 7 122 13
  8 7 123 13
  8 7 124 13
  8 7 125 13
  8 7 126 13
  8 7 127 13
  8 7 128 13
  8 7 129 13
  8 7 130 13
  8 7 131 13
  8 7 132 13
  8 7 133 13
  8 7 134 13
  8 7 135 13
  8 7 136 13
  8 7 137 13
  8 7 138 13
  8 7 139 13
  8 7 140 13
  8 7 141 13
  8 7 142 13
  8 7 143 13
  8 7 144 13
  8 7 145 13
  8 7 146 13
  8 7 147 13
  8 7 148 13
  8 7 149 13
  8 8 50 13
  8 8 51 13
  8 8 52 13
  8 8 53 13
  8 8 54 13
  8 8 55 13
  8 8 56 13
  8 8 57 13
  8 8 58 13
  8 8 59 13
  8 8 60 13
  8 8 61 13
  8 8 62 13
  8 8 63 13
  8 8 64 13
  8 8 65 13
  8 8 66 13
  8 8 67 13
  8 8 68 13
  8 8 69 13
  8 8 70 13
  8 8 71 13
  8 8 72 13
  8 8 73 13
  8 8 74 13
  8 8 75 13
  8 8 76 13
  8 8 77 13
  8 8 78 13
  8 8 79 13
  8 8 80 13
  8 8 81 13
  8 8 82 13
  8 8 83 13
  8 8 84 13
  8 8 85 13
  8 8 86 13
  8 8 87 13
  8 8 88 13
  8 8 89 13
  8 8 90 13
  8 8 91 13
  8 8 92 13
  8 8 93 13
  8 8 94 13
  8 8 95 13
  8 8 96 13
  8 8 97 13
  8 8 98 13
  8 8 99 13
  8 8 100 13
  8 8 101 13
  8 8 102 13
  8 8 103 13
  8 8 104 13
  8 8 105 13
  8 8 106 13
  8 8 107 13
  8 8 108 13
  8 8 109 13
  8 8 110 13
  8 8 111 13
  8 8 112 13
  8 8 113 13
  8 8 114 13
  8 8 115 13
  8 8 116 13
  8 8 117 13
  8 8 118 13
  8 8 119 13
  8 8 120 13
  8 8 121 13
  8 8 122 13
  8 8 123 13
  8 8 124 13
  8 8 125 13
  8 8 126 13
  8 8 127 13
  8 8 128 13
  8 8 129 13
  8 8 130 13
  8 8 131 13
  8 8 132 13
  8 8 133 13
  8 8 134 13
  8 8 135 13
  8 8 136 13
  8 8 137 13
  8 8 138 13
  8 8 139 13
  8 8 140 13
  8 8 141 13
  8 8 142 13
  8 8 143 13
  8 8 144 13
  8 8 145 13
  8 8 146 13
  8 8 147 13
  8 8 148 13
  8 8 149 13
  8 9 49 13
  8 9 50 13
  8 9 51 13
  8 9 52 13
  8 9 53 13
  8 9 54 13
  8 9 55 13
  8 9 56 13
  8 9 57 13
  8 9 58 13
  8 9 59 13
  8 9 60 13
  8 9 61 13
  8 9 62 13
  8 9 63 13
  8 9 64 13
  8 9 65 13
  8 9 66 13
  8 9 67 13
  8 9 68 13
  8 9 69 13
  8 9 70 13
  8 9 71 13
  8 9 72 13
  8 9 73 13
  8 9 74 13
  8 9 75 13
  8 9 76 13
  8 9 77 13
  8 9 78 13
  8 9 79 13
  8 9 80 13
  8 9 81 13
  8 9 82 13
  8 9 83 13
  8 9 84 13
  8 9 85 13
  8 9 86 13
  8 9 87 13
  8 9 88 13
  8 9 89 13
  8 9 90 13
  8 9 91 13
  8 9 92 13
  8 9 93 13
  8 9 94 13
  8 9 95 13
  8 9 96 13
  8 9 97 13
  8 9 98 13
  8 9 99 13
  8 9 100 13
  8 9 101 13
  8 9 102 13
  8 9 103 13
  8 9 104 13
  8 9 105 13
  8 9 106 13
  8 9 107 13
  8 9 108 13
  8 9 109 13
  8 9 110 13
  8 9 111 13
  8 9 112 13
  8 9 113 13
  8 9 114 13
  8 9 115 13
  8 9 116 13
  8 9 117 13
  8 9 118 13
  8 9 119 13
  8 9 120 13
  8 9 121 13
  8 9 122 13
  8 9 123 13
  8 9 124 13
  8 9 125 13
  8 9 126 13
  8 9 127 13
  8 9 128 13
  8 9 129 13
  8 9 130 13
  8 9 131 13
  8 9 132 13
  8 9 133 13
  8 9 134 13
  8 9 135 13
  8 9 136 13
  8 9 137 13
  8 9 138 13
  8 9 139 13
  8 9 140 13
  8 9 141 13
  8 9 142 13
  8 9 143 13
  8 9 144 13
  8 9 145 13
  8 9 146 13
  8 9 147 13
  8 9 148 13
  8 9 149 13
  8 10 47 13
  8 10 48 13
  8 10 49 13
  8 10 50 13
  8 10 51 13
  8 10 52 13
  8 10 53 13
  8 10 54 13
  8 10 55 13
  8 10 56 13
  8 10 57 13
  8 10 58 13
  8 10 59 13
  8 10 60 13
  8 10 61 13
  8 10 62 13
  8 10 63 13
  8 10 64 13
  8 10 65 13
  8 10 66 13
  8 10 67 13
  8 10 68 13
  8 10 69 13
  8 10 70 13
  8 10 71 13
  8 10 72 13
  8 10 73 13
  8 10 74 13
  8 10 75 13
  8 10 76 13
  8 10 77 13
  8 10 78 13
  8 10 79 13
  8 10 80 13
  8 10 81 13
  8 10 82 13
  8 10 83 13
  8 10 84 13
  8 10 85 13
  8 10 86 13
  8 10 87 13
  8 10 88 13
  8 10 89 13
  8 10 90 13
  8 10 91 13
  8 10 92 13
  8 10 93 13
  8 10 94 13
  8 10 95 13
  8 10 96 13
  8 10 97 13
  8 10 98 13
  8 10 99 13
  8 10 100 13
  8 10 101 13
  8 10 102 13
  8 10 103 13
  8 10 104 13
  8 10 105 13
  8 10 106 13
  8 10 107 13
  8 10 108 13
  8 10 109 13
  8 10 110 13
  8 10 111 13
  8 10 112 13
  8 10 113 13
  8 10 114 13
  8 10 115 13
  8 10 116 13
  8 10 117 13
  8 10 118 13
  8 10 119 13
  8 10 120 13
  8 10 121 13
  8 10 122 13
  8 10 123 13
  8 10 124 13
  8 10 125 13
  8 10 126 13
  8 10 127 13
  8 10 128 13
  8 10 129 13
  8 10 130 13
  8 10 131 13
  8 10 132 13
  8 10 133 13
  8 10 134 13
  8 10 135 13
  8 10 136 13
  8 10 137 13
  8 10 138 13
  8 10 139 13
  8 10 140 13
  8 10 141 13
  8 10 142 13
  8 10 143 13
  8 10 144 13
  8 10 145 13
  8 10 146 13
  8 10 147 13
  8 10 148 13
  8 10 149 13
  8 11 46 13
  8 11 47 13
  8 11 48 13
  8 11 49 13
  8 11 50 13
  8 11 51 13
  8 11 52 13
  8 11 53 13
  8 11 54 13
  8 11 55 13
  8 11 56 13
  8 11 57 13
  8 11 58 13
  8 11 59 13
  8 11 60 13
  8 11 61 13
  8 11 62 13
  8 11 63 13
  8 11 64 13
  8 11 65 13
  8 11 66 13
  8 11 67 13
  8 11 68 13
  8 11 69 13
  8 11 70 13
  8 11 71 13
  8 11 72 13
  8 11 73 13
  8 11 74 13
  8 11 75 13
  8 11 76 13
  8 11 77 13
  8 11 78 13
  8 11 79 13
  8 11 80 13
  8 11 81 13
  8 11 82 13
  8 11 83 13
  8 11 84 13
  8 11 85 13
  8 11 86 13
  8 11 87 13
  8 11 88 13
  8 11 89 13
  8 11 90 13
  8 11 91 13
  8 11 92 13
  8 11 93 13
  8 11 94 13
  8 11 95 13
  8 11 96 13
  8 11 97 13
  8 11 98 13
  8 11 99 13
  8 11 100 13
  8 11 101 13
  8 11 102 13
  8 11 103 13
  8 11 104 13
  8 11 105 13
  8 11 106 13
  8 11 107 13
  8 11 108 13
  8 11 109 13
  8 11 110 13
  8 11 111 13
  8 11 112 13
  8 11 113 13
  8 11 114 13
  8 11 115 13
  8 11 116 13
  8 11 117 13
  8 11 118 13
  8 11 119 13
  8 11 120 13
  8 11 121 13
  8 11 122 13
  8 11 123 13
  8 11 124 13
  8 11 125 13
  8 11 126 13
  8 11 127 13
  8 11 128 13
  8 11 129 13
  8 11 130 13
  8 11 131 13
  8 11 132 13
  8 11 133 13
  8 11 134 13
  8 11 135 13
  8 11 136 13
  8 11 137 13
  8 11 138 13
  8 11 139 13
  8 11 140 13
  8 11 141 13
  8 11 142 13
  8 11 143 13
  8 11 144 13
  8 11 145 13
  8 11 146 13
  8 11 147 13
  8 11 148 13
  8 11 149 13
  8 12 44 13
  8 12 45 13
  8 12 46 13
  8 12 47 13
  8 12 48 13
  8 12 49 13
  8 12 50 13
  8 12 51 13
  8 12 52 13
  8 12 53 13
  8 12 54 13
  8 12 55 13
  8 12 56 13
  8 12 57 13
  8 12 58 13
  8 12 59 13
  8 12 60 13
  8 12 61 13
  8 12 62 13
  8 12 63 13
  8 12 64 13
  8 12 65 13
  8 12 66 13
  8 12 67 13
  8 12 68 13
  8 12 69 13
  8 12 70 13
  8 12 71 13
  8 12 72 13
  8 12 73 13
  8 12 74 13
  8 12 75 13
  8 12 76 13
  8 12 77 13
  8 12 78 13
  8 12 79 13
  8 12 80 13
  8 12 81 13
  8 12 82 13
  8 12 83 13
  8 12 84 13
  8 12 85 13
  8 12 86 13
  8 12 87 13
  8 12 88 13
  8 12 89 13
  8 12 90 13
  8 12 91 13
  8 12 92 13
  8 12 93 13
  8 12 94 13
  8 12 95 13
  8 12 96 13
  8 12 97 13
  8 12 98 13
  8 12 99 13
  8 12 100 13
  8 12 101 13
  8 12 102 13
  8 12 103 13
  8 12 104 13
  8 12 105 13
  8 12 106 13
  8 12 107 13
  8 12 108 13
  8 12 109 13
  8 12 110 13
  8 12 111 13
  8 12 112 13
  8 12 113 13
  8 12 114 13
  8 12 115 13
  8 12 116 13
  8 12 117 13
  8 12 118 13
  8 12 119 13
  8 12 120 13
  8 12 121 13
  8 12 122 13
  8 12 123 13
  8 12 124 13
  8 12 125 13
  8 12 126 13
  8 12 127 13
  8 12 128 13
  8 12 129 13
  8 12 130 13
  8 12 131 13
  8 12 132 13
  8 12 133 13
  8 12 134 13
  8 12 135 13
  8 12 136 13
  8 12 137 13
  8 12 138 13
  8 12 139 13
  8 12 140 13
  8 12 141 13
  8 12 142 13
  8 12 143 13
  8 12 144 13
  8 12 145 13
  8 12 146 13
  8 12 147 13
  8 12 148 13
  8 12 149 13
  8 13 43 13
  8 13 44 13
  8 13 45 13
  8 13 46 13
  8 13 47 13
  8 13 48 13
  8 13 49 13
  8 13 50 13
  8 13 51 13
  8 13 52 13
  8 13 53 13
  8 13 54 13
  8 13 55 13
  8 13 56 13
  8 13 57 13
  8 13 58 13
  8 13 59 13
  8 13 60 13
  8 13 61 13
  8 13 62 13
  8 13 63 13
  8 13 64 13
  8 13 65 13
  8 13 66 13
  8 13 67 13
  8 13 68 13
  8 13 69 13
  8 13 70 13
  8 13 71 13
  8 13 72 13
  8 13 73 13
  8 13 74 13
  8 13 75 13
  8 13 76 13
  8 13 77 13
  8 13 78 13
  8 13 79 13
  8 13 80 13
  8 13 81 13
  8 13 82 13
  8 13 83 13
  8 13 84 13
  8 13 85 13
  8 13 86 13
  8 13 87 13
  8 13 88 13
  8 13 89 13
  8 13 90 13
  8 13 91 13
  8 13 92 13
  8 13 93 13
  8 13 94 13
  8 13 95 13
  8 13 96 13
  8 13 97 13
  8 13 98 13
  8 13 99 13
  8 13 100 13
  8 13 101 13
  8 13 102 13
  8 13 103 13
  8 13 104 13
  8 13 105 13
  8 13 106 13
  8 13 107 13
  8 13 108 13
  8 13 109 13
  8 13 110 13
  8 13 111 13
  8 13 112 13
  8 13 113 13
  8 13 114 13
  8 13 115 13
  8 13 116 13
  8 13 117 13
  8 13 118 13
  8 13 119 13
  8 13 120 13
  8 13 121 13
  8 13 122 13
  8 13 123 13
  8 13 124 13
  8 13 125 13
  8 13 126 13
  8 13 127 13
  8 13 128 13
  8 13 129 13
  8 13 130 13
  8 13 131 13
  8 13 132 13
  8 13 133 13
  8 13 134 13
  8 13 135 13
  8 13 136 13
  8 13 137 13
  8 13 138 13
  8 13 139 13
  8 13 140 13
  8 13 141 13
  8 13 142 13
  8 13 143 13
  8 13 144 13
  8 13 145 13
  8 13 146 13
  8 13 147 13
  8 13 148 13
  8 13 149 13
  8 14 41 13
  8 14 42 13
  8 14 43 13
  8 14 44 13
  8 14 45 13
  8 14 46 13
  8 14 47 13
  8 14 48 13
  8 14 49 13
  8 14 50 13
  8 14 51 13
  8 14 52 13
  8 14 53 13
  8 14 54 13
  8 14 55 13
  8 14 56 13
  8 14 57 13
  8 14 58 13
  8 14 59 13
  8 14 60 13
  8 14 61 13
  8 14 62 13
  8 14 63 13
  8 14 64 13
  8 14 65 13
  8 14 66 13
  8 14 67 13
  8 14 68 13
  8 14 69 13
  8 14 70 13
  8 14 71 13
  8 14 72 13
  8 14 73 13
  8 14 74 13
  8 14 75 13
  8 14 76 13
  8 14 77 13
  8 14 78 13
  8 14 79 13
  8 14 80 13
  8 14 81 13
  8 14 82 13
  8 14 83 13
  8 14 84 13
  8 14 85 13
  8 14 86 13
  8 14 87 13
  8 14 88 13
  8 14 89 13
  8 14 90 13
  8 14 91 13
  8 14 92 13
  8 14 93 13
  8 14 94 13
  8 14 95 13
  8 14 96 13
  8 14 97 13
  8 14 98 13
  8 14 99 13
  8 14 100 13
  8 14 101 13
  8 14 102 13
  8 14 103 13
  8 14 104 13
  8 14 105 13
  8 14 106 13
  8 14 107 13
  8 14 108 13
  8 14 109 13
  8 14 110 13
  8 14 111 13
  8 14 112 13
  8 14 113 13
  8 14 114 13
  8 14 115 13
  8 14 116 13
  8 14 117 13
  8 14 118 13
  8 14 119 13
  8 14 120 13
  8 14 121 13
  8 14 122 13
  8 14 123 13
  8 14 124 13
  8 14 125 13
  8 14 126 13
  8 14 127 13
  8 14 128 13
  8 14 129 13
  8 14 130 13
  8 14 131 13
  8 14 132 13
  8 14 133 13
  8 14 134 13
  8 14 135 13
  8 14 136 13
  8 14 137 13
  8 14 138 13
  8 14 139 13
  8 14 140 13
  8 14 141 13
  8 14 142 13
  8 14 143 13
  8 14 144 13
  8 14 145 13
  8 14 146 13
  8 14 147 13
  8 14 148 13
  8 14 149 13
  8 15 40 13
  8 15 41 13
  8 15 42 13
  8 15 43 13
  8 15 44 13
  8 15 45 13
  8 15 46 13
  8 15 47 13
  8 15 48 13
  8 15 49 13
  8 15 50 13
  8 15 51 13
  8 15 52 13
  8 15 53 13
  8 15 54 13
  8 15 55 13
  8 15 56 13
  8 15 57 13
  8 15 58 13
  8 15 59 13
  8 15 60 13
  8 15 61 13
  8 15 62 13
  8 15 63 13
  8 15 64 13
  8 15 65 13
  8 15 66 13
  8 15 67 13
  8 15 68 13
  8 15 69 13
  8 15 70 13
  8 15 71 13
  8 15 72 13
  8 15 73 13
  8 15 74 13
  8 15 75 13
  8 15 76 13
  8 15 77 13
  8 15 78 13
  8 15 79 13
  8 15 80 13
  8 15 81 13
  8 15 82 13
  8 15 83 13
  8 15 84 13
  8 15 85 13
  8 15 86 13
  8 15 87 13
  8 15 88 13
  8 15 89 13
  8 15 90 13
  8 15 91 13
  8 15 92 13
  8 15 93 13
  8 15 94 13
  8 15 95 13
  8 15 96 13
  8 15 97 13
  8 15 98 13
  8 15 99 13
  8 15 100 13
  8 15 101 13
  8 15 102 13
  8 15 103 13
  8 15 104 13
  8 15 105 13
  8 15 106 13
  8 15 107 13
  8 15 108 13
  8 15 109 13
  8 15 110 13
  8 15 111 13
  8 15 112 13
  8 15 113 13
  8 15 114 13
  8 15 115 13
  8 15 116 13
  8 15 117 13
  8 15 118 13
  8 15 119 13
  8 15 120 13
  8 15 121 13
  8 15 122 13
  8 15 123 13
  8 15 124 13
  8 15 125 13
  8 15 126 13
  8 15 127 13
  8 15 128 13
  8 15 129 13
  8 15 130 13
  8 15 131 13
  8 15 132 13
  8 15 133 13
  8 15 134 13
  8 15 135 13
  8 15 136 13
  8 15 137 13
  8 15 138 13
  8 15 139 13
  8 15 140 13
  8 15 141 13
  8 15 142 13
  8 15 143 13
  8 15 144 13
  8 15 145 13
  8 15 146 13
  8 15 147 13
  8 15 148 13
  8 15 149 13
  8 16 38 13
  8 16 39 13
  8 16 40 13
  8 16 41 13
  8 16 42 13
  8 16 43 13
  8 16 44 13
  8 16 45 13
  8 16 46 13
  8 16 47 13
  8 16 48 13
  8 16 49 13
  8 16 50 13
  8 16 51 13
  8 16 52 13
  8 16 53 13
  8 16 54 13
  8 16 55 13
  8 16 56 13
  8 16 57 13
  8 16 58 13
  8 16 59 13
  8 16 60 13
  8 16 61 13
  8 16 62 13
  8 16 63 13
  8 16 64 13
  8 16 65 13
  8 16 66 13
  8 16 67 13
  8 16 68 13
  8 16 69 13
  8 16 70 13
  8 16 71 13
  8 16 72 13
  8 16 73 13
  8 16 74 13
  8 16 75 13
  8 16 76 13
  8 16 77 13
  8 16 78 13
  8 16 79 13
  8 16 80 13
  8 16 81 13
  8 16 82 13
  8 16 83 13
  8 16 84 13
  8 16 85 13
  8 16 86 13
  8 16 87 13
  8 16 88 13
  8 16 89 13
  8 16 90 13
  8 16 91 13
  8 16 92 13
  8 16 93 13
  8 16 94 13
  8 16 95 13
  8 16 96 13
  8 16 97 13
  8 16 98 13
  8 16 99 13
  8 16 100 13
  8 16 101 13
  8 16 102 13
  8 16 103 13
  8 16 104 13
  8 16 105 13
  8 16 106 13
  8 16 107 13
  8 16 108 13
  8 16 109 13
  8 16 110 13
  8 16 111 13
  8 16 112 13
  8 16 113 13
  8 16 114 13
  8 16 115 13
  8 16 116 13
  8 16 117 13
  8 16 118 13
  8 16 119 13
  8 16 120 13
  8 16 121 13
  8 16 122 13
  8 16 123 13
  8 16 124 13
  8 16 125 13
  8 16 126 13
  8 16 127 13
  8 16 128 13
  8 16 129 13
  8 16 130 13
  8 16 131 13
  8 16 132 13
  8 16 133 13
  8 16 134 13
  8 16 135 13
  8 16 136 13
  8 16 137 13
  8 16 138 13
  8 16 139 13
  8 16 140 13
  8 16 141 13
  8 16 142 13
  8 16 143 13
  8 16 144 13
  8 16 145 13
  8 16 146 13
  8 16 147 13
  8 16 148 13
  8 16 149 13
  8 17 37 13
  8 17 38 13
  8 17 39 13
  8 17 40 13
  8 17 41 13
  8 17 42 13
  8 17 43 13
  8 17 44 13
  8 17 45 13
  8 17 46 13
  8 17 47 13
  8 17 48 13
  8 17 49 13
  8 17 50 13
  8 17 51 13
  8 17 52 13
  8 17 53 13
  8 17 54 13
  8 17 55 13
  8 17 56 13
  8 17 57 13
  8 17 58 13
  8 17 59 13
  8 17 60 13
  8 17 61 13
  8 17 62 13
  8 17 63 13
  8 17 64 13
  8 17 65 13
  8 17 66 13
  8 17 67 13
  8 17 68 13
  8 17 69 13
  8 17 70 13
  8 17 71 13
  8 17 72 13
  8 17 73 13
  8 17 74 13
  8 17 75 13
  8 17 76 13
  8 17 77 13
  8 17 78 13
  8 17 79 13
  8 17 80 13
  8 17 81 13
  8 17 82 13
  8 17 83 13
  8 17 84 13
  8 17 85 13
  8 17 86 13
  8 17 87 13
  8 17 88 13
  8 17 89 13
  8 17 90 13
  8 17 91 13
  8 17 92 13
  8 17 93 13
  8 17 94 13
  8 17 95 13
  8 17 96 13
  8 17 97 13
  8 17 98 13
  8 17 99 13
  8 17 100 13
  8 17 101 13
  8 17 102 13
  8 17 103 13
  8 17 104 13
  8 17 105 13
  8 17 106 13
  8 17 107 13
  8 17 108 13
  8 17 109 13
  8 17 110 13
  8 17 111 13
  8 17 112 13
  8 17 113 13
  8 17 114 13
  8 17 115 13
  8 17 116 13
  8 17 117 13
  8 17 118 13
  8 17 119 13
  8 17 120 13
  8 17 121 13
  8 17 122 13
  8 17 123 13
  8 17 124 13
  8 17 125 13
  8 17 126 13
  8 17 127 13
  8 17 128 13
  8 17 129 13
  8 17 130 13
  8 17 131 13
  8 17 132 13
  8 17 133 13
  8 17 134 13
  8 17 135 13
  8 17 136 13
  8 17 137 13
  8 17 138 13
  8 17 139 13
  8 17 140 13
  8 17 141 13
  8 17 142 13
  8 17 143 13
  8 17 144 13
  8 17 145 13
  8 17 146 13
  8 17 147 13
  8 17 148 13
  8 17 149 13
  8 18 35 13
  8 18 36 13
  8 18 37 13
  8 18 38 13
  8 18 39 13
  8 18 40 13
  8 18 41 13
  8 18 42 13
  8 18 43 13
  8 18 44 13
  8 18 45 13
  8 18 46 13
  8 18 47 13
  8 18 48 13
  8 18 49 13
  8 18 50 13
  8 18 51 13
  8 18 52 13
  8 18 53 13
  8 18 54 13
  8 18 55 13
  8 18 56 13
  8 18 57 13
  8 18 58 13
  8 18 59 13
  8 18 60 13
  8 18 61 13
  8 18 62 13
  8 18 63 13
  8 18 64 13
  8 18 65 13
  8 18 66 13
  8 18 67 13
  8 18 68 13
  8 18 69 13
  8 18 70 13
  8 18 71 13
  8 18 72 13
  8 18 73 13
  8 18 74 13
  8 18 75 13
  8 18 76 13
  8 18 77 13
  8 18 78 13
  8 18 79 13
  8 18 80 13
  8 18 81 13
  8 18 82 13
  8 18 83 13
  8 18 84 13
  8 18 85 13
  8 18 86 13
  8 18 87 13
  8 18 88 13
  8 18 89 13
  8 18 90 13
  8 18 91 13
  8 18 92 13
  8 18 93 13
  8 18 94 13
  8 18 95 13
  8 18 96 13
  8 18 97 13
  8 18 98 13
  8 18 99 13
  8 18 100 13
  8 18 101 13
  8 18 102 13
  8 18 103 13
  8 18 104 13
  8 18 105 13
  8 18 106 13
  8 18 107 13
  8 18 108 13
  8 18 109 13
  8 18 110 13
  8 18 111 13
  8 18 112 13
  8 18 113 13
  8 18 114 13
  8 18 115 13
  8 18 116 13
  8 18 117 13
  8 18 118 13
  8 18 119 13
  8 18 120 13
  8 18 121 13
  8 18 122 13
  8 18 123 13
  8 18 124 13
  8 18 125 13
  8 18 126 13
  8 18 127 13
  8 18 128 13
  8 18 129 13
  8 18 130 13
  8 18 131 13
  8 18 132 13
  8 18 133 13
  8 18 134 13
  8 18 135 13
  8 18 136 13
  8 18 137 13
  8 18 138 13
  8 18 139 13
  8 18 140 13
  8 18 141 13
  8 18 142 13
  8 18 143 13
  8 18 144 13
  8 18 145 13
  8 18 146 13
  8 18 147 13
  8 18 148 13
  8 18 149 13
  8 19 33 13
  8 19 34 13
  8 19 35 13
  8 19 36 13
  8 19 37 13
  8 19 38 13
  8 19 39 13
  8 19 40 13
  8 19 41 13
  8 19 42 13
  8 19 43 13
  8 19 44 13
  8 19 45 13
  8 19 46 13
  8 19 47 13
  8 19 48 13
  8 19 49 13
  8 19 50 13
  8 19 51 13
  8 19 52 13
  8 19 53 13
  8 19 54 13
  8 19 55 13
  8 19 56 13
  8 19 57 13
  8 19 58 13
  8 19 59 13
  8 19 60 13
  8 19 61 13
  8 19 62 13
  8 19 63 13
  8 19 64 13
  8 19 65 13
  8 19 66 13
  8 19 67 13
  8 19 68 13
  8 19 69 13
  8 19 70 13
  8 19 71 13
  8 19 72 13
  8 19 73 13
  8 19 74 13
  8 19 75 13
  8 19 76 13
  8 19 77 13
  8 19 78 13
  8 19 79 13
  8 19 80 13
  8 19 81 13
  8 19 82 13
  8 19 83 13
  8 19 84 13
  8 19 85 13
  8 19 86 13
  8 19 87 13
  8 19 88 13
  8 19 89 13
  8 19 90 13
  8 19 91 13
  8 19 92 13
  8 19 93 13
  8 19 94 13
  8 19 95 13
  8 19 96 13
  8 19 97 13
  8 19 98 13
  8 19 99 13
  8 19 100 13
  8 19 101 13
  8 19 102 13
  8 19 103 13
  8 19 104 13
  8 19 105 13
  8 19 106 13
  8 19 107 13
  8 19 108 13
  8 19 109 13
  8 19 110 13
  8 19 111 13
  8 19 112 13
  8 19 113 13
  8 19 114 13
  8 19 115 13
  8 19 116 13
  8 19 117 13
  8 19 118 13
  8 19 119 13
  8 19 120 13
  8 19 121 13
  8 19 122 13
  8 19 123 13
  8 19 124 13
  8 19 125 13
  8 19 126 13
  8 19 127 13
  8 19 128 13
  8 19 129 13
  8 19 130 13
  8 19 131 13
  8 19 132 13
  8 19 133 13
  8 19 134 13
  8 19 135 13
  8 19 136 13
  8 19 137 13
  8 19 138 13
  8 19 139 13
  8 19 140 13
  8 19 141 13
  8 19 142 13
  8 19 143 13
  8 19 144 13
  8 19 145 13
  8 19 146 13
  8 19 147 13
  8 19 148 13
  8 19 149 13
  8 20 32 13
  8 20 33 13
  8 20 34 13
  8 20 35 13
  8 20 36 13
  8 20 37 13
  8 20 38 13
  8 20 39 13
  8 20 40 13
  8 20 41 13
  8 20 42 13
  8 20 43 13
  8 20 44 13
  8 20 45 13
  8 20 46 13
  8 20 47 13
  8 20 48 13
  8 20 49 13
  8 20 50 13
  8 20 51 13
  8 20 52 13
  8 20 53 13
  8 20 54 13
  8 20 55 13
  8 20 56 13
  8 20 57 13
  8 20 58 13
  8 20 59 13
  8 20 60 13
  8 20 61 13
  8 20 62 13
  8 20 63 13
  8 20 64 13
  8 20 65 13
  8 20 66 13
  8 20 67 13
  8 20 68 13
  8 20 69 13
  8 20 70 13
  8 20 71 13
  8 20 72 13
  8 20 73 13
  8 20 74 13
  8 20 75 13
  8 20 76 13
  8 20 77 13
  8 20 78 13
  8 20 79 13
  8 20 80 13
  8 20 81 13
  8 20 82 13
  8 20 83 13
  8 20 84 13
  8 20 85 13
  8 20 86 13
  8 20 87 13
  8 20 88 13
  8 20 89 13
  8 20 90 13
  8 20 91 13
  8 20 92 13
  8 20 93 13
  8 20 94 13
  8 20 95 13
  8 20 96 13
  8 20 97 13
  8 20 98 13
  8 20 99 13
  8 20 100 13
  8 20 101 13
  8 20 102 13
  8 20 103 13
  8 20 104 13
  8 20 105 13
  8 20 106 13
  8 20 107 13
  8 20 108 13
  8 20 109 13
  8 20 110 13
  8 20 111 13
  8 20 112 13
  8 20 113 13
  8 20 114 13
  8 20 115 13
  8 20 116 13
  8 20 117 13
  8 20 118 13
  8 20 119 13
  8 20 120 13
  8 20 121 13
  8 20 122 13
  8 20 123 13
  8 20 124 13
  8 20 125 13
  8 20 126 13
  8 20 127 13
  8 20 128 13
  8 20 129 13
  8 20 130 13
  8 20 131 13
  8 20 132 13
  8 20 133 13
  8 20 134 13
  8 20 135 13
  8 20 136 13
  8 20 137 13
  8 20 138 13
  8 20 139 13
  8 20 140 13
  8 20 141 13
  8 20 142 13
  8 20 143 13
  8 20 144 13
  8 20 145 13
  8 20 146 13
  8 20 147 13
  8 20 148 13
  8 20 149 13
  8 21 30 13
  8 21 31 13
  8 21 32 13
  8 21 33 13
  8 21 34 13
  8 21 35 13
  8 21 36 13
  8 21 37 13
  8 21 38 13
  8 21 39 13
  8 21 40 13
  8 21 41 13
  8 21 42 13
  8 21 43 13
  8 21 44 13
  8 21 45 13
  8 21 46 13
  8 21 47 13
  8 21 48 13
  8 21 49 13
  8 21 50 13
  8 21 51 13
  8 21 52 13
  8 21 53 13
  8 21 54 13
  8 21 55 13
  8 21 56 13
  8 21 57 13
  8 21 58 13
  8 21 59 13
  8 21 60 13
  8 21 61 13
  8 21 62 13
  8 21 63 13
  8 21 64 13
  8 21 65 13
  8 21 66 13
  8 21 67 13
  8 21 68 13
  8 21 69 13
  8 21 70 13
  8 21 71 13
  8 21 72 13
  8 21 73 13
  8 21 74 13
  8 21 75 13
  8 21 76 13
  8 21 77 13
  8 21 78 13
  8 21 79 13
  8 21 80 13
  8 21 81 13
  8 21 82 13
  8 21 83 13
  8 21 84 13
  8 21 85 13
  8 21 86 13
  8 21 87 13
  8 21 88 13
  8 21 89 13
  8 21 90 13
  8 21 91 13
  8 21 92 13
  8 21 93 13
  8 21 94 13
  8 21 95 13
  8 21 96 13
  8 21 97 13
  8 21 98 13
  8 21 99 13
  8 21 100 13
  8 21 101 13
  8 21 102 13
  8 21 103 13
  8 21 104 13
  8 21 105 13
  8 21 106 13
  8 21 107 13
  8 21 108 13
  8 21 109 13
  8 21 110 13
  8 21 111 13
  8 21 112 13
  8 21 113 13
  8 21 114 13
  8 21 115 13
  8 21 116 13
  8 21 117 13
  8 21 118 13
  8 21 119 13
  8 21 120 13
  8 21 121 13
  8 21 122 13
  8 21 123 13
  8 21 124 13
  8 21 125 13
  8 21 126 13
  8 21 127 13
  8 21 128 13
  8 21 129 13
  8 21 130 13
  8 21 131 13
  8 21 132 13
  8 21 133 13
  8 21 134 13
  8 21 135 13
  8 21 136 13
  8 21 137 13
  8 21 138 13
  8 21 139 13
  8 21 140 13
  8 21 141 13
  8 21 142 13
  8 21 143 13
  8 21 144 13
  8 21 145 13
  8 21 146 13
  8 21 147 13
  8 21 148 13
  8 21 149 13
  8 22 29 13
  8 22 30 13
  8 22 31 13
  8 22 32 13
  8 22 33 13
  8 22 34 13
  8 22 35 13
  8 22 36 13
  8 22 37 13
  8 22 38 13
  8 22 39 13
  8 22 40 13
  8 22 41 13
  8 22 42 13
  8 22 43 13
  8 22 44 13
  8 22 45 13
  8 22 46 13
  8 22 47 13
  8 22 48 13
  8 22 49 13
  8 22 50 13
  8 22 51 13
  8 22 52 13
  8 22 53 13
  8 22 54 13
  8 22 55 13
  8 22 56 13
  8 22 57 13
  8 22 58 13
  8 22 59 13
  8 22 60 13
  8 22 61 13
  8 22 62 13
  8 22 63 13
  8 22 64 13
  8 22 65 13
  8 22 66 13
  8 22 67 13
  8 22 68 13
  8 22 69 13
  8 22 70 13
  8 22 71 13
  8 22 72 13
  8 22 73 13
  8 22 74 13
  8 22 75 13
  8 22 76 13
  8 22 77 13
  8 22 78 13
  8 22 79 13
  8 22 80 13
  8 22 81 13
  8 22 82 13
  8 22 83 13
  8 22 84 13
  8 22 85 13
  8 22 86 13
  8 22 87 13
  8 22 88 13
  8 22 89 13
  8 22 90 13
  8 22 91 13
  8 22 92 13
  8 22 93 13
  8 22 94 13
  8 22 95 13
  8 22 96 13
  8 22 97 13
  8 22 98 13
  8 22 99 13
  8 22 100 13
  8 22 101 13
  8 22 102 13
  8 22 103 13
  8 22 104 13
  8 22 105 13
  8 22 106 13
  8 22 107 13
  8 22 108 13
  8 22 109 13
  8 22 110 13
  8 22 111 13
  8 22 112 13
  8 22 113 13
  8 22 114 13
  8 22 115 13
  8 22 116 13
  8 22 117 13
  8 22 118 13
  8 22 119 13
  8 22 120 13
  8 22 121 13
  8 22 122 13
  8 22 123 13
  8 22 124 13
  8 22 125 13
  8 22 126 13
  8 22 127 13
  8 22 128 13
  8 22 129 13
  8 22 130 13
  8 22 131 13
  8 22 132 13
  8 22 133 13
  8 22 134 13
  8 22 135 13
  8 22 136 13
  8 22 137 13
  8 22 138 13
  8 22 139 13
  8 22 140 13
  8 22 141 13
  8 22 142 13
  8 22 143 13
  8 22 144 13
  8 22 145 13
  8 22 146 13
  8 22 147 13
  8 22 148 13
  8 22 149 13
  8 23 27 13
  8 23 28 13
  8 23 29 13
  8 23 30 13
  8 23 31 13
  8 23 32 13
  8 23 33 13
  8 23 34 13
  8 23 35 13
  8 23 36 13
  8 23 37 13
  8 23 38 13
  8 23 39 13
  8 23 40 13
  8 23 41 13
  8 23 42 13
  8 23 43 13
  8 23 44 13
  8 23 45 13
  8 23 46 13
  8 23 47 13
  8 23 48 13
  8 23 49 13
  8 23 50 13
  8 23 51 13
  8 23 52 13
  8 23 53 13
  8 23 54 13
  8 23 55 13
  8 23 56 13
  8 23 57 13
  8 23 58 13
  8 23 59 13
  8 23 60 13
  8 23 61 13
  8 23 62 13
  8 23 63 13
  8 23 64 13
  8 23 65 13
  8 23 66 13
  8 23 67 13
  8 23 68 13
  8 23 69 13
  8 23 70 13
  8 23 71 13
  8 23 72 13
  8 23 73 13
  8 23 74 13
  8 23 75 13
  8 23 76 13
  8 23 77 13
  8 23 78 13
  8 23 79 13
  8 23 80 13
  8 23 81 13
  8 23 82 13
  8 23 83 13
  8 23 84 13
  8 23 85 13
  8 23 86 13
  8 23 87 13
  8 23 88 13
  8 23 89 13
  8 23 90 13
  8 23 91 13
  8 23 92 13
  8 23 93 13
  8 23 94 13
  8 23 95 13
  8 23 96 13
  8 23 97 13
  8 23 98 13
  8 23 99 13
  8 23 100 13
  8 23 101 13
  8 23 102 13
  8 23 103 13
  8 23 104 13
  8 23 105 13
  8 23 106 13
  8 23 107 13
  8 23 108 13
  8 23 109 13
  8 23 110 13
  8 23 111 13
  8 23 112 13
  8 23 113 13
  8 23 114 13
  8 23 115 13
  8 23 116 13
  8 23 117 13
  8 23 118 13
  8 23 119 13
  8 23 120 13
  8 23 121 13
  8 23 122 13
  8 23 123 13
  8 23 124 13
  8 23 125 13
  8 23 126 13
  8 23 127 13
  8 23 128 13
  8 23 129 13
  8 23 130 13
  8 23 131 13
  8 23 132 13
  8 23 133 13
  8 23 134 13
  8 23 135 13
  8 23 136 13
  8 23 137 13
  8 23 138 13
  8 23 139 13
  8 23 140 13
  8 23 141 13
  8 23 142 13
  8 23 143 13
  8 23 144 13
  8 23 145 13
  8 23 146 13
  8 23 147 13
  8 23 148 13
  8 23 149 13
  8 24 26 13
  8 24 27 13
  8 24 28 13
  8 24 29 13
  8 24 30 13
  8 24 31 13
  8 24 32 13
  8 24 33 13
  8 24 34 13
  8 24 35 13
  8 24 36 13
  8 24 37 13
  8 24 38 13
  8 24 39 13
  8 24 40 13
  8 24 41 13
  8 24 42 13
  8 24 43 13
  8 24 44 13
  8 24 45 13
  8 24 46 13
  8 24 47 13
  8 24 48 13
  8 24 49 13
  8 24 50 13
  8 24 51 13
  8 24 52 13
  8 24 53 13
  8 24 54 13
  8 24 55 13
  8 24 56 13
  8 24 57 13
  8 24 58 13
  8 24 59 13
  8 24 60 13
  8 24 61 13
  8 24 62 13
  8 24 63 13
  8 24 64 13
  8 24 65 13
  8 24 66 13
  8 24 67 13
  8 24 68 13
  8 24 69 13
  8 24 70 13
  8 24 71 13
  8 24 72 13
  8 24 73 13
  8 24 74 13
  8 24 75 13
  8 24 76 13
  8 24 77 13
  8 24 78 13
  8 24 79 13
  8 24 80 13
  8 24 81 13
  8 24 82 13
  8 24 83 13
  8 24 84 13
  8 24 85 13
  8 24 86 13
  8 24 87 13
  8 24 88 13
  8 24 89 13
  8 24 90 13
  8 24 91 13
  8 24 92 13
  8 24 93 13
  8 24 94 13
  8 24 95 13
  8 24 96 13
  8 24 97 13
  8 24 98 13
  8 24 99 13
  8 24 100 13
  8 24 101 13
  8 24 102 13
  8 24 103 13
  8 24 104 13
  8 24 105 13
  8 24 106 13
  8 24 107 13
  8 24 108 13
  8 24 109 13
  8 24 110 13
  8 24 111 13
  8 24 112 13
  8 24 113 13
  8 24 114 13
  8 24 115 13
  8 24 116 13
  8 24 117 13
  8 24 118 13
  8 24 119 13
  8 24 120 13
  8 24 121 13
  8 24 122 13
  8 24 123 13
  8 24 124 13
  8 24 125 13
  8 24 126 13
  8 24 127 13
  8 24 128 13
  8 24 129 13
  8 24 130 13
  8 24 131 13
  8 24 132 13
  8 24 133 13
  8 24 134 13
  8 24 135 13
  8 24 136 13
  8 24 137 13
  8 24 138 13
  8 24 139 13
  8 24 140 13
  8 24 141 13
  8 24 142 13
  8 24 143 13
  8 24 144 13
  8 24 145 13
  8 24 146 13
  8 24 147 13
  8 24 148 13
  8 24 149 13
  8 24 150 13
  8 25 24 13
  8 25 25 13
  8 25 26 13
  8 25 27 13
  8 25 28 13
  8 25 29 13
  8 25 30 13
  8 25 31 13
  8 25 32 13
  8 25 33 13
  8 25 34 13
  8 25 35 13
  8 25 36 13
  8 25 37 13
  8 25 38 13
  8 25 39 13
  8 25 40 13
  8 25 41 13
  8 25 42 13
  8 25 43 13
  8 25 44 13
  8 25 45 13
  8 25 46 13
  8 25 47 13
  8 25 48 13
  8 25 49 13
  8 25 50 13
  8 25 51 13
  8 25 52 13
  8 25 53 13
  8 25 54 13
  8 25 55 13
  8 25 56 13
  8 25 57 13
  8 25 58 13
  8 25 59 13
  8 25 60 13
  8 25 61 13
  8 25 62 13
  8 25 63 13
  8 25 64 13
  8 25 65 13
  8 25 66 13
  8 25 67 13
  8 25 68 13
  8 25 69 13
  8 25 70 13
  8 25 71 13
  8 25 72 13
  8 25 73 13
  8 25 74 13
  8 25 75 13
  8 25 76 13
  8 25 77 13
  8 25 78 13
  8 25 79 13
  8 25 80 13
  8 25 81 13
  8 25 82 13
  8 25 83 13
  8 25 84 13
  8 25 85 13
  8 25 86 13
  8 25 87 13
  8 25 88 13
  8 25 89 13
  8 25 90 13
  8 25 91 13
  8 25 92 13
  8 25 93 13
  8 25 94 13
  8 25 95 13
  8 25 96 13
  8 25 97 13
  8 25 98 13
  8 25 99 13
  8 25 100 13
  8 25 101 13
  8 25 102 13
  8 25 103 13
  8 25 104 13
  8 25 105 13
  8 25 106 13
  8 25 107 13
  8 25 108 13
  8 25 109 13
  8 25 110 13
  8 25 111 13
  8 25 112 13
  8 25 113 13
  8 25 114 13
  8 25 115 13
  8 25 116 13
  8 25 117 13
  8 25 118 13
  8 25 119 13
  8 25 120 13
  8 25 121 13
  8 25 122 13
  8 25 123 13
  8 25 124 13
  8 25 125 13
  8 25 126 13
  8 25 127 13
  8 25 128 13
  8 25 129 13
  8 25 130 13
  8 25 131 13
  8 25 132 13
  8 25 133 13
  8 25 134 13
  8 25 135 13
  8 25 136 13
  8 25 137 13
  8 25 138 13
  8 25 139 13
  8 25 140 13
  8 25 141 13
  8 25 142 13
  8 25 143 13
  8 25 144 13
  8 25 145 13
  8 25 146 13
  8 25 147 13
  8 25 148 13
  8 25 149 13
  8 25 150 13
  8 26 23 13
  8 26 24 13
  8 26 25 13
  8 26 26 13
  8 26 27 13
  8 26 28 13
  8 26 29 13
  8 26 30 13
  8 26 31 13
  8 26 32 13
  8 26 33 13
  8 26 34 13
  8 26 35 13
  8 26 36 13
  8 26 37 13
  8 26 38 13
  8 26 39 13
  8 26 40 13
  8 26 41 13
  8 26 42 13
  8 26 43 13
  8 26 44 13
  8 26 45 13
  8 26 46 13
  8 26 47 13
  8 26 48 13
  8 26 49 13
  8 26 50 13
  8 26 51 13
  8 26 52 13
  8 26 53 13
  8 26 54 13
  8 26 55 13
  8 26 56 13
  8 26 57 13
  8 26 58 13
  8 26 59 13
  8 26 60 13
  8 26 61 13
  8 26 62 13
  8 26 63 13
  8 26 64 13
  8 26 65 13
  8 26 66 13
  8 26 67 13
  8 26 68 13
  8 26 69 13
  8 26 70 13
  8 26 71 13
  8 26 72 13
  8 26 73 13
  8 26 74 13
  8 26 75 13
  8 26 76 13
  8 26 77 13
  8 26 78 13
  8 26 79 13
  8 26 80 13
  8 26 81 13
  8 26 82 13
  8 26 83 13
  8 26 84 13
  8 26 85 13
  8 26 86 13
  8 26 87 13
  8 26 88 13
  8 26 89 13
  8 26 90 13
  8 26 91 13
  8 26 92 13
  8 26 93 13
  8 26 94 13
  8 26 95 13
  8 26 96 13
  8 26 97 13
  8 26 98 13
  8 26 99 13
  8 26 100 13
  8 26 101 13
  8 26 102 13
  8 26 103 13
  8 26 104 13
  8 26 105 13
  8 26 106 13
  8 26 107 13
  8 26 108 13
  8 26 109 13
  8 26 110 13
  8 26 111 13
  8 26 112 13
  8 26 113 13
  8 26 114 13
  8 26 115 13
  8 26 116 13
  8 26 117 13
  8 26 118 13
  8 26 119 13
  8 26 120 13
  8 26 121 13
  8 26 122 13
  8 26 123 13
  8 26 124 13
  8 26 125 13
  8 26 126 13
  8 26 127 13
  8 26 128 13
  8 26 129 13
  8 26 130 13
  8 26 131 13
  8 26 132 13
  8 26 133 13
  8 26 134 13
  8 26 135 13
  8 26 136 13
  8 26 137 13
  8 26 138 13
  8 26 139 13
  8 26 140 13
  8 26 141 13
  8 26 142 13
  8 26 143 13
  8 26 144 13
  8 26 145 13
  8 26 146 13
  8 26 147 13
  8 26 148 13
  8 26 149 13
  8 26 150 13
  8 27 21 13
  8 27 22 13
  8 27 23 13
  8 27 24 13
  8 27 25 13
  8 27 26 13
  8 27 27 13
  8 27 28 13
  8 27 29 13
  8 27 30 13
  8 27 31 13
  8 27 32 13
  8 27 33 13
  8 27 34 13
  8 27 35 13
  8 27 36 13
  8 27 37 13
  8 27 38 13
  8 27 39 13
  8 27 40 13
  8 27 41 13
  8 27 42 13
  8 27 43 13
  8 27 44 13
  8 27 45 13
  8 27 46 13
  8 27 47 13
  8 27 48 13
  8 27 49 13
  8 27 50 13
  8 27 51 13
  8 27 52 13
  8 27 53 13
  8 27 54 13
  8 27 55 13
  8 27 56 13
  8 27 57 13
  8 27 58 13
  8 27 59 13
  8 27 60 13
  8 27 61 13
  8 27 62 13
  8 27 63 13
  8 27 64 13
  8 27 65 13
  8 27 66 13
  8 27 67 13
  8 27 68 13
  8 27 69 13
  8 27 70 13
  8 27 71 13
  8 27 72 13
  8 27 73 13
  8 27 74 13
  8 27 75 13
  8 27 76 13
  8 27 77 13
  8 27 78 13
  8 27 79 13
  8 27 80 13
  8 27 81 13
  8 27 82 13
  8 27 83 13
  8 27 84 13
  8 27 85 13
  8 27 86 13
  8 27 87 13
  8 27 88 13
  8 27 89 13
  8 27 90 13
  8 27 91 13
  8 27 92 13
  8 27 93 13
  8 27 94 13
  8 27 95 13
  8 27 96 13
  8 27 97 13
  8 27 98 13
  8 27 99 13
  8 27 100 13
  8 27 101 13
  8 27 102 13
  8 27 103 13
  8 27 104 13
  8 27 105 13
  8 27 106 13
  8 27 107 13
  8 27 108 13
  8 27 109 13
  8 27 110 13
  8 27 111 13
  8 27 112 13
  8 27 113 13
  8 27 114 13
  8 27 115 13
  8 27 116 13
  8 27 117 13
  8 27 118 13
  8 27 119 13
  8 27 120 13
  8 27 121 13
  8 27 122 13
  8 27 123 13
  8 27 124 13
  8 27 125 13
  8 27 126 13
  8 27 127 13
  8 27 128 13
  8 27 129 13
  8 27 130 13
  8 27 131 13
  8 27 132 13
  8 27 133 13
  8 27 134 13
  8 27 135 13
  8 27 136 13
  8 27 137 13
  8 27 138 13
  8 27 139 13
  8 27 140 13
  8 27 141 13
  8 27 142 13
  8 27 143 13
  8 27 144 13
  8 27 145 13
  8 27 146 13
  8 27 147 13
  8 27 148 13
  8 27 149 13
  8 27 150 13
  8 28 21 13
  8 28 22 13
  8 28 23 13
  8 28 24 13
  8 28 25 13
  8 28 26 13
  8 28 27 13
  8 28 28 13
  8 28 29 13
  8 28 30 13
  8 28 31 13
  8 28 32 13
  8 28 33 13
  8 28 34 13
  8 28 35 13
  8 28 36 13
  8 28 37 13
  8 28 38 13
  8 28 39 13
  8 28 40 13
  8 28 41 13
  8 28 42 13
  8 28 43 13
  8 28 44 13
  8 28 45 13
  8 28 46 13
  8 28 47 13
  8 28 48 13
  8 28 49 13
  8 28 50 13
  8 28 51 13
  8 28 52 13
  8 28 53 13
  8 28 54 13
  8 28 55 13
  8 28 56 13
  8 28 57 13
  8 28 58 13
  8 28 59 13
  8 28 60 13
  8 28 61 13
  8 28 62 13
  8 28 63 13
  8 28 64 13
  8 28 65 13
  8 28 66 13
  8 28 67 13
  8 28 68 13
  8 28 69 13
  8 28 70 13
  8 28 71 13
  8 28 72 13
  8 28 73 13
  8 28 74 13
  8 28 75 13
  8 28 76 13
  8 28 77 13
  8 28 78 13
  8 28 79 13
  8 28 80 13
  8 28 81 13
  8 28 82 13
  8 28 83 13
  8 28 84 13
  8 28 85 13
  8 28 86 13
  8 28 87 13
  8 28 88 13
  8 28 89 13
  8 28 90 13
  8 28 91 13
  8 28 92 13
  8 28 93 13
  8 28 94 13
  8 28 95 13
  8 28 96 13
  8 28 97 13
  8 28 98 13
  8 28 99 13
  8 28 100 13
  8 28 101 13
  8 28 102 13
  8 28 103 13
  8 28 104 13
  8 28 105 13
  8 28 106 13
  8 28 107 13
  8 28 108 13
  8 28 109 13
  8 28 110 13
  8 28 111 13
  8 28 112 13
  8 28 113 13
  8 28 114 13
  8 28 115 13
  8 28 116 13
  8 28 117 13
  8 28 118 13
  8 28 119 13
  8 28 120 13
  8 28 121 13
  8 28 122 13
  8 28 123 13
  8 28 124 13
  8 28 125 13
  8 28 126 13
  8 28 127 13
  8 28 128 13
  8 28 129 13
  8 28 130 13
  8 28 131 13
  8 28 132 13
  8 28 133 13
  8 28 134 13
  8 28 135 13
  8 28 136 13
  8 28 137 13
  8 28 138 13
  8 28 139 13
  8 28 140 13
  8 28 141 13
  8 28 142 13
  8 28 143 13
  8 28 144 13
  8 28 145 13
  8 28 146 13
  8 28 147 13
  8 28 148 13
  8 28 149 13
  8 28 150 13
  8 29 21 13
  8 29 22 13
  8 29 23 13
  8 29 24 13
  8 29 25 13
  8 29 26 13
  8 29 27 13
  8 29 28 13
  8 29 29 13
  8 29 30 13
  8 29 31 13
  8 29 32 13
  8 29 33 13
  8 29 34 13
  8 29 35 13
  8 29 36 13
  8 29 37 13
  8 29 38 13
  8 29 39 13
  8 29 40 13
  8 29 41 13
  8 29 42 13
  8 29 43 13
  8 29 44 13
  8 29 45 13
  8 29 46 13
  8 29 47 13
  8 29 48 13
  8 29 49 13
  8 29 50 13
  8 29 51 13
  8 29 52 13
  8 29 53 13
  8 29 54 13
  8 29 55 13
  8 29 56 13
  8 29 57 13
  8 29 58 13
  8 29 59 13
  8 29 60 13
  8 29 61 13
  8 29 62 13
  8 29 63 13
  8 29 64 13
  8 29 65 13
  8 29 66 13
  8 29 67 13
  8 29 68 13
  8 29 69 13
  8 29 70 13
  8 29 71 13
  8 29 72 13
  8 29 73 13
  8 29 74 13
  8 29 75 13
  8 29 76 13
  8 29 77 13
  8 29 78 13
  8 29 79 13
  8 29 80 13
  8 29 81 13
  8 29 82 13
  8 29 83 13
  8 29 84 13
  8 29 85 13
  8 29 86 13
  8 29 87 13
  8 29 88 13
  8 29 89 13
  8 29 90 13
  8 29 91 13
  8 29 92 13
  8 29 93 13
  8 29 94 13
  8 29 95 13
  8 29 96 13
  8 29 97 13
  8 29 98 13
  8 29 99 13
  8 29 100 13
  8 29 101 13
  8 29 102 13
  8 29 103 13
  8 29 104 13
  8 29 105 13
  8 29 106 13
  8 29 107 13
  8 29 108 13
  8 29 109 13
  8 29 110 13
  8 29 111 13
  8 29 112 13
  8 29 113 13
  8 29 114 13
  8 29 115 13
  8 29 116 13
  8 29 117 13
  8 29 118 13
  8 29 119 13
  8 29 120 13
  8 29 121 13
  8 29 122 13
  8 29 123 13
  8 29 124 13
  8 29 125 13
  8 29 126 13
  8 29 127 13
  8 29 128 13
  8 29 129 13
  8 29 130 13
  8 29 131 13
  8 29 132 13
  8 29 133 13
  8 29 134 13
  8 29 135 13
  8 29 136 13
  8 29 137 13
  8 29 138 13
  8 29 139 13
  8 29 140 13
  8 29 141 13
  8 29 142 13
  8 29 143 13
  8 29 144 13
  8 29 145 13
  8 29 146 13
  8 29 147 13
  8 29 148 13
  8 29 149 13
  8 29 150 13
  8 30 20 13
  8 30 21 13
  8 30 22 13
  8 30 23 13
  8 30 24 13
  8 30 25 13
  8 30 26 13
  8 30 27 13
  8 30 28 13
  8 30 29 13
  8 30 30 13
  8 30 31 13
  8 30 32 13
  8 30 33 13
  8 30 34 13
  8 30 35 13
  8 30 36 13
  8 30 37 13
  8 30 38 13
  8 30 39 13
  8 30 40 13
  8 30 41 13
  8 30 42 13
  8 30 43 13
  8 30 44 13
  8 30 45 13
  8 30 46 13
  8 30 47 13
  8 30 48 13
  8 30 49 13
  8 30 50 13
  8 30 51 13
  8 30 52 13
  8 30 53 13
  8 30 54 13
  8 30 55 13
  8 30 56 13
  8 30 57 13
  8 30 58 13
  8 30 59 13
  8 30 60 13
  8 30 61 13
  8 30 62 13
  8 30 63 13
  8 30 64 13
  8 30 65 13
  8 30 66 13
  8 30 67 13
  8 30 68 13
  8 30 69 13
  8 30 70 13
  8 30 71 13
  8 30 72 13
  8 30 73 13
  8 30 74 13
  8 30 75 13
  8 30 76 13
  8 30 77 13
  8 30 78 13
  8 30 79 13
  8 30 80 13
  8 30 81 13
  8 30 82 13
  8 30 83 13
  8 30 84 13
  8 30 85 13
  8 30 86 13
  8 30 87 13
  8 30 88 13
  8 30 89 13
  8 30 90 13
  8 30 91 13
  8 30 92 13
  8 30 93 13
  8 30 94 13
  8 30 95 13
  8 30 96 13
  8 30 97 13
  8 30 98 13
  8 30 99 13
  8 30 100 13
  8 30 101 13
  8 30 102 13
  8 30 103 13
  8 30 104 13
  8 30 105 13
  8 30 106 13
  8 30 107 13
  8 30 108 13
  8 30 109 13
  8 30 110 13
  8 30 111 13
  8 30 112 13
  8 30 113 13
  8 30 114 13
  8 30 115 13
  8 30 116 13
  8 30 117 13
  8 30 118 13
  8 30 119 13
  8 30 120 13
  8 30 121 13
  8 30 122 13
  8 30 123 13
  8 30 124 13
  8 30 125 13
  8 30 126 13
  8 30 127 13
  8 30 128 13
  8 30 129 13
  8 30 130 13
  8 30 131 13
  8 30 132 13
  8 30 133 13
  8 30 134 13
  8 30 135 13
  8 30 136 13
  8 30 137 13
  8 30 138 13
  8 30 139 13
  8 30 140 13
  8 30 141 13
  8 30 142 13
  8 30 143 13
  8 30 144 13
  8 30 145 13
  8 30 146 13
  8 30 147 13
  8 30 148 13
  8 30 149 13
  8 30 150 13
  8 31 20 13
  8 31 21 13
  8 31 22 13
  8 31 23 13
  8 31 24 13
  8 31 25 13
  8 31 26 13
  8 31 27 13
  8 31 28 13
  8 31 29 13
  8 31 30 13
  8 31 31 13
  8 31 32 13
  8 31 33 13
  8 31 34 13
  8 31 35 13
  8 31 36 13
  8 31 37 13
  8 31 38 13
  8 31 39 13
  8 31 40 13
  8 31 41 13
  8 31 42 13
  8 31 43 13
  8 31 44 13
  8 31 45 13
  8 31 46 13
  8 31 47 13
  8 31 48 13
  8 31 49 13
  8 31 50 13
  8 31 51 13
  8 31 52 13
  8 31 53 13
  8 31 54 13
  8 31 55 13
  8 31 56 13
  8 31 57 13
  8 31 58 13
  8 31 59 13
  8 31 60 13
  8 31 61 13
  8 31 62 13
  8 31 63 13
  8 31 64 13
  8 31 65 13
  8 31 66 13
  8 31 67 13
  8 31 68 13
  8 31 69 13
  8 31 70 13
  8 31 71 13
  8 31 72 13
  8 31 73 13
  8 31 74 13
  8 31 75 13
  8 31 76 13
  8 31 77 13
  8 31 78 13
  8 31 79 13
  8 31 80 13
  8 31 81 13
  8 31 82 13
  8 31 83 13
  8 31 84 13
  8 31 85 13
  8 31 86 13
  8 31 87 13
  8 31 88 13
  8 31 89 13
  8 31 90 13
  8 31 91 13
  8 31 92 13
  8 31 93 13
  8 31 94 13
  8 31 95 13
  8 31 96 13
  8 31 97 13
  8 31 98 13
  8 31 99 13
  8 31 100 13
  8 31 101 13
  8 31 102 13
  8 31 103 13
  8 31 104 13
  8 31 105 13
  8 31 106 13
  8 31 107 13
  8 31 108 13
  8 31 109 13
  8 31 110 13
  8 31 111 13
  8 31 112 13
  8 31 113 13
  8 31 114 13
  8 31 115 13
  8 31 116 13
  8 31 117 13
  8 31 118 13
  8 31 119 13
  8 31 120 13
  8 31 121 13
  8 31 122 13
  8 31 123 13
  8 31 124 13
  8 31 125 13
  8 31 126 13
  8 31 127 13
  8 31 128 13
  8 31 129 13
  8 31 130 13
  8 31 131 13
  8 31 132 13
  8 31 133 13
  8 31 134 13
  8 31 135 13
  8 31 136 13
  8 31 137 13
  8 31 138 13
  8 31 139 13
  8 31 140 13
  8 31 141 13
  8 31 142 13
  8 31 143 13
  8 31 144 13
  8 31 145 13
  8 31 146 13
  8 31 147 13
  8 31 148 13
  8 31 149 13
  8 31 150 13
  8 32 19 13
  8 32 20 13
  8 32 21 13
  8 32 22 13
  8 32 23 13
  8 32 24 13
  8 32 25 13
  8 32 26 13
  8 32 27 13
  8 32 28 13
  8 32 29 13
  8 32 30 13
  8 32 31 13
  8 32 32 13
  8 32 33 13
  8 32 34 13
  8 32 35 13
  8 32 36 13
  8 32 37 13
  8 32 38 13
  8 32 39 13
  8 32 40 13
  8 32 41 13
  8 32 42 13
  8 32 43 13
  8 32 44 13
  8 32 45 13
  8 32 46 13
  8 32 47 13
  8 32 48 13
  8 32 49 13
  8 32 50 13
  8 32 51 13
  8 32 52 13
  8 32 53 13
  8 32 54 13
  8 32 55 13
  8 32 56 13
  8 32 57 13
  8 32 58 13
  8 32 59 13
  8 32 60 13
  8 32 61 13
  8 32 62 13
  8 32 63 13
  8 32 64 13
  8 32 65 13
  8 32 66 13
  8 32 67 13
  8 32 68 13
  8 32 69 13
  8 32 70 13
  8 32 71 13
  8 32 72 13
  8 32 73 13
  8 32 74 13
  8 32 75 13
  8 32 76 13
  8 32 77 13
  8 32 78 13
  8 32 79 13
  8 32 80 13
  8 32 81 13
  8 32 82 13
  8 32 83 13
  8 32 84 13
  8 32 85 13
  8 32 86 13
  8 32 87 13
  8 32 88 13
  8 32 89 13
  8 32 90 13
  8 32 91 13
  8 32 92 13
  8 32 93 13
  8 32 94 13
  8 32 95 13
  8 32 96 13
  8 32 97 13
  8 32 98 13
  8 32 99 13
  8 32 100 13
  8 32 101 13
  8 32 102 13
  8 32 103 13
  8 32 104 13
  8 32 105 13
  8 32 106 13
  8 32 107 13
  8 32 108 13
  8 32 109 13
  8 32 110 13
  8 32 111 13
  8 32 112 13
  8 32 113 13
  8 32 114 13
  8 32 115 13
  8 32 116 13
  8 32 117 13
  8 32 118 13
  8 32 119 13
  8 32 120 13
  8 32 121 13
  8 32 122 13
  8 32 123 13
  8 32 124 13
  8 32 125 13
  8 32 126 13
  8 32 127 13
  8 32 128 13
  8 32 129 13
  8 32 130 13
  8 32 131 13
  8 32 132 13
  8 32 133 13
  8 32 134 13
  8 32 135 13
  8 32 136 13
  8 32 137 13
  8 32 138 13
  8 32 139 13
  8 32 140 13
  8 32 141 13
  8 32 142 13
  8 32 143 13
  8 32 144 13
  8 32 145 13
  8 32 146 13
  8 32 147 13
  8 32 148 13
  8 32 149 13
  8 32 150 13
  8 33 19 13
  8 33 20 13
  8 33 21 13
  8 33 22 13
  8 33 23 13
  8 33 24 13
  8 33 25 13
  8 33 26 13
  8 33 27 13
  8 33 28 13
  8 33 29 13
  8 33 30 13
  8 33 31 13
  8 33 32 13
  8 33 33 13
  8 33 34 13
  8 33 35 13
  8 33 36 13
  8 33 37 13
  8 33 38 13
  8 33 39 13
  8 33 40 13
  8 33 41 13
  8 33 42 13
  8 33 43 13
  8 33 44 13
  8 33 45 13
  8 33 46 13
  8 33 47 13
  8 33 48 13
  8 33 49 13
  8 33 50 13
  8 33 51 13
  8 33 52 13
  8 33 53 13
  8 33 54 13
  8 33 55 13
  8 33 56 13
  8 33 57 13
  8 33 58 13
  8 33 59 13
  8 33 60 13
  8 33 61 13
  8 33 62 13
  8 33 63 13
  8 33 64 13
  8 33 65 13
  8 33 66 13
  8 33 67 13
  8 33 68 13
  8 33 69 13
  8 33 70 13
  8 33 71 13
  8 33 72 13
  8 33 73 13
  8 33 74 13
  8 33 75 13
  8 33 76 13
  8 33 77 13
  8 33 78 13
  8 33 79 13
  8 33 80 13
  8 33 81 13
  8 33 82 13
  8 33 83 13
  8 33 84 13
  8 33 85 13
  8 33 86 13
  8 33 87 13
  8 33 88 13
  8 33 89 13
  8 33 90 13
  8 33 91 13
  8 33 92 13
  8 33 93 13
  8 33 94 13
  8 33 95 13
  8 33 96 13
  8 33 97 13
  8 33 98 13
  8 33 99 13
  8 33 100 13
  8 33 101 13
  8 33 102 13
  8 33 103 13
  8 33 104 13
  8 33 105 13
  8 33 106 13
  8 33 107 13
  8 33 108 13
  8 33 109 13
  8 33 110 13
  8 33 111 13
  8 33 112 13
  8 33 113 13
  8 33 114 13
  8 33 115 13
  8 33 116 13
  8 33 117 13
  8 33 118 13
  8 33 119 13
  8 33 120 13
  8 33 121 13
  8 33 122 13
  8 33 123 13
  8 33 124 13
  8 33 125 13
  8 33 126 13
  8 33 127 13
  8 33 128 13
  8 33 129 13
  8 33 130 13
  8 33 131 13
  8 33 132 13
  8 33 133 13
  8 33 134 13
  8 33 135 13
  8 33 136 13
  8 33 137 13
  8 33 138 13
  8 33 139 13
  8 33 140 13
  8 33 141 13
  8 33 142 13
  8 33 143 13
  8 33 144 13
  8 33 145 13
  8 33 146 13
  8 33 147 13
  8 33 148 13
  8 33 149 13
  8 33 150 13
  8 34 18 13
  8 34 19 13
  8 34 20 13
  8 34 21 13
  8 34 22 13
  8 34 23 13
  8 34 24 13
  8 34 25 13
  8 34 26 13
  8 34 27 13
  8 34 28 13
  8 34 29 13
  8 34 30 13
  8 34 31 13
  8 34 32 13
  8 34 33 13
  8 34 34 13
  8 34 35 13
  8 34 36 13
  8 34 37 13
  8 34 38 13
  8 34 39 13
  8 34 40 13
  8 34 41 13
  8 34 42 13
  8 34 43 13
  8 34 44 13
  8 34 45 13
  8 34 46 13
  8 34 47 13
  8 34 48 13
  8 34 49 13
  8 34 50 13
  8 34 51 13
  8 34 52 13
  8 34 53 13
  8 34 54 13
  8 34 55 13
  8 34 56 13
  8 34 57 13
  8 34 58 13
  8 34 59 13
  8 34 60 13
  8 34 61 13
  8 34 62 13
  8 34 63 13
  8 34 64 13
  8 34 65 13
  8 34 66 13
  8 34 67 13
  8 34 68 13
  8 34 69 13
  8 34 70 13
  8 34 71 13
  8 34 72 13
  8 34 73 13
  8 34 74 13
  8 34 75 13
  8 34 76 13
  8 34 77 13
  8 34 78 13
  8 34 79 13
  8 34 80 13
  8 34 81 13
  8 34 82 13
  8 34 83 13
  8 34 84 13
  8 34 85 13
  8 34 86 13
  8 34 87 13
  8 34 88 13
  8 34 89 13
  8 34 90 13
  8 34 91 13
  8 34 92 13
  8 34 93 13
  8 34 94 13
  8 34 95 13
  8 34 96 13
  8 34 97 13
  8 34 98 13
  8 34 99 13
  8 34 100 13
  8 34 101 13
  8 34 102 13
  8 34 103 13
  8 34 104 13
  8 34 105 13
  8 34 106 13
  8 34 107 13
  8 34 108 13
  8 34 109 13
  8 34 110 13
  8 34 111 13
  8 34 112 13
  8 34 113 13
  8 34 114 13
  8 34 115 13
  8 34 116 13
  8 34 117 13
  8 34 118 13
  8 34 119 13
  8 34 120 13
  8 34 121 13
  8 34 122 13
  8 34 123 13
  8 34 124 13
  8 34 125 13
  8 34 126 13
  8 34 127 13
  8 34 128 13
  8 34 129 13
  8 34 130 13
  8 34 131 13
  8 34 132 13
  8 34 133 13
  8 34 134 13
  8 34 135 13
  8 34 136 13
  8 34 137 13
  8 34 138 13
  8 34 139 13
  8 34 140 13
  8 34 141 13
  8 34 142 13
  8 34 143 13
  8 34 144 13
  8 34 145 13
  8 34 146 13
  8 34 147 13
  8 34 148 13
  8 34 149 13
  8 34 150 13
  8 35 18 13
  8 35 19 13
  8 35 20 13
  8 35 21 13
  8 35 22 13
  8 35 23 13
  8 35 24 13
  8 35 25 13
  8 35 26 13
  8 35 27 13
  8 35 28 13
  8 35 29 13
  8 35 30 13
  8 35 31 13
  8 35 32 13
  8 35 33 13
  8 35 34 13
  8 35 35 13
  8 35 36 13
  8 35 37 13
  8 35 38 13
  8 35 39 13
  8 35 40 13
  8 35 41 13
  8 35 42 13
  8 35 43 13
  8 35 44 13
  8 35 45 13
  8 35 46 13
  8 35 47 13
  8 35 48 13
  8 35 49 13
  8 35 50 13
  8 35 51 13
  8 35 52 13
  8 35 53 13
  8 35 54 13
  8 35 55 13
  8 35 56 13
  8 35 57 13
  8 35 58 13
  8 35 59 13
  8 35 60 13
  8 35 61 13
  8 35 62 13
  8 35 63 13
  8 35 64 13
  8 35 65 13
  8 35 66 13
  8 35 67 13
  8 35 68 13
  8 35 69 13
  8 35 70 13
  8 35 71 13
  8 35 72 13
  8 35 73 13
  8 35 74 13
  8 35 75 13
  8 35 76 13
  8 35 77 13
  8 35 78 13
  8 35 79 13
  8 35 80 13
  8 35 81 13
  8 35 82 13
  8 35 83 13
  8 35 84 13
  8 35 85 13
  8 35 86 13
  8 35 87 13
  8 35 88 13
  8 35 89 13
  8 35 90 13
  8 35 91 13
  8 35 92 13
  8 35 93 13
  8 35 94 13
  8 35 95 13
  8 35 96 13
  8 35 97 13
  8 35 98 13
  8 35 99 13
  8 35 100 13
  8 35 101 13
  8 35 102 13
  8 35 103 13
  8 35 104 13
  8 35 105 13
  8 35 106 13
  8 35 107 13
  8 35 108 13
  8 35 109 13
  8 35 110 13
  8 35 111 13
  8 35 112 13
  8 35 113 13
  8 35 114 13
  8 35 115 13
  8 35 116 13
  8 35 117 13
  8 35 118 13
  8 35 119 13
  8 35 120 13
  8 35 121 13
  8 35 122 13
  8 35 123 13
  8 35 124 13
  8 35 125 13
  8 35 126 13
  8 35 127 13
  8 35 128 13
  8 35 129 13
  8 35 130 13
  8 35 131 13
  8 35 132 13
  8 35 133 13
  8 35 134 13
  8 35 135 13
  8 35 136 13
  8 35 137 13
  8 35 138 13
  8 35 139 13
  8 35 140 13
  8 35 141 13
  8 35 142 13
  8 35 143 13
  8 35 144 13
  8 35 145 13
  8 35 146 13
  8 35 147 13
  8 35 148 13
  8 35 149 13
  8 35 150 13
  8 36 17 13
  8 36 18 13
  8 36 19 13
  8 36 20 13
  8 36 21 13
  8 36 22 13
  8 36 23 13
  8 36 24 13
  8 36 25 13
  8 36 26 13
  8 36 27 13
  8 36 28 13
  8 36 29 13
  8 36 30 13
  8 36 31 13
  8 36 32 13
  8 36 33 13
  8 36 34 13
  8 36 35 13
  8 36 36 13
  8 36 37 13
  8 36 38 13
  8 36 39 13
  8 36 40 13
  8 36 41 13
  8 36 42 13
  8 36 43 13
  8 36 44 13
  8 36 45 13
  8 36 46 13
  8 36 47 13
  8 36 48 13
  8 36 49 13
  8 36 50 13
  8 36 51 13
  8 36 52 13
  8 36 53 13
  8 36 54 13
  8 36 55 13
  8 36 56 13
  8 36 57 13
  8 36 58 13
  8 36 59 13
  8 36 60 13
  8 36 61 13
  8 36 62 13
  8 36 63 13
  8 36 64 13
  8 36 65 13
  8 36 66 13
  8 36 67 13
  8 36 68 13
  8 36 69 13
  8 36 70 13
  8 36 71 13
  8 36 72 13
  8 36 73 13
  8 36 74 13
  8 36 75 13
  8 36 76 13
  8 36 77 13
  8 36 78 13
  8 36 79 13
  8 36 80 13
  8 36 81 13
  8 36 82 13
  8 36 83 13
  8 36 84 13
  8 36 85 13
  8 36 86 13
  8 36 87 13
  8 36 88 13
  8 36 89 13
  8 36 90 13
  8 36 91 13
  8 36 92 13
  8 36 93 13
  8 36 94 13
  8 36 95 13
  8 36 96 13
  8 36 97 13
  8 36 98 13
  8 36 99 13
  8 36 100 13
  8 36 101 13
  8 36 102 13
  8 36 103 13
  8 36 104 13
  8 36 105 13
  8 36 106 13
  8 36 107 13
  8 36 108 13
  8 36 109 13
  8 36 110 13
  8 36 111 13
  8 36 112 13
  8 36 113 13
  8 36 114 13
  8 36 115 13
  8 36 116 13
  8 36 117 13
  8 36 118 13
  8 36 119 13
  8 36 120 13
  8 36 121 13
  8 36 122 13
  8 36 123 13
  8 36 124 13
  8 36 125 13
  8 36 126 13
  8 36 127 13
  8 36 128 13
  8 36 129 13
  8 36 130 13
  8 36 131 13
  8 36 132 13
  8 36 133 13
  8 36 134 13
  8 36 135 13
  8 36 136 13
  8 36 137 13
  8 36 138 13
  8 36 139 13
  8 36 140 13
  8 36 141 13
  8 36 142 13
  8 36 143 13
  8 36 144 13
  8 36 145 13
  8 36 146 13
  8 36 147 13
  8 36 148 13
  8 36 149 13
  8 36 150 13
  8 37 17 13
  8 37 18 13
  8 37 19 13
  8 37 20 13
  8 37 21 13
  8 37 22 13
  8 37 23 13
  8 37 24 13
  8 37 25 13
  8 37 26 13
  8 37 27 13
  8 37 28 13
  8 37 29 13
  8 37 30 13
  8 37 31 13
  8 37 32 13
  8 37 33 13
  8 37 34 13
  8 37 35 13
  8 37 36 13
  8 37 37 13
  8 37 38 13
  8 37 39 13
  8 37 40 13
  8 37 41 13
  8 37 42 13
  8 37 43 13
  8 37 44 13
  8 37 45 13
  8 37 46 13
  8 37 47 13
  8 37 48 13
  8 37 49 13
  8 37 50 13
  8 37 51 13
  8 37 52 13
  8 37 53 13
  8 37 54 13
  8 37 55 13
  8 37 56 13
  8 37 57 13
  8 37 58 13
  8 37 59 13
  8 37 60 13
  8 37 61 13
  8 37 62 13
  8 37 63 13
  8 37 64 13
  8 37 65 13
  8 37 66 13
  8 37 67 13
  8 37 68 13
  8 37 69 13
  8 37 70 13
  8 37 71 13
  8 37 72 13
  8 37 73 13
  8 37 74 13
  8 37 75 13
  8 37 76 13
  8 37 77 13
  8 37 78 13
  8 37 79 13
  8 37 80 13
  8 37 81 13
  8 37 82 13
  8 37 83 13
  8 37 84 13
  8 37 85 13
  8 37 86 13
  8 37 87 13
  8 37 88 13
  8 37 89 13
  8 37 90 13
  8 37 91 13
  8 37 92 13
  8 37 93 13
  8 37 94 13
  8 37 95 13
  8 37 96 13
  8 37 97 13
  8 37 98 13
  8 37 99 13
  8 37 100 13
  8 37 101 13
  8 37 102 13
  8 37 103 13
  8 37 104 13
  8 37 105 13
  8 37 106 13
  8 37 107 13
  8 37 108 13
  8 37 109 13
  8 37 110 13
  8 37 111 13
  8 37 112 13
  8 37 113 13
  8 37 114 13
  8 37 115 13
  8 37 116 13
  8 37 117 13
  8 37 118 13
  8 37 119 13
  8 37 120 13
  8 37 121 13
  8 37 122 13
  8 37 123 13
  8 37 124 13
  8 37 125 13
  8 37 126 13
  8 37 127 13
  8 37 128 13
  8 37 129 13
  8 37 130 13
  8 37 131 13
  8 37 132 13
  8 37 133 13
  8 37 134 13
  8 37 135 13
  8 37 136 13
  8 37 137 13
  8 37 138 13
  8 37 139 13
  8 37 140 13
  8 37 141 13
  8 37 142 13
  8 37 143 13
  8 37 144 13
  8 37 145 13
  8 37 146 13
  8 37 147 13
  8 37 148 13
  8 37 149 13
  8 37 150 13
  8 38 16 13
  8 38 17 13
  8 38 18 13
  8 38 19 13
  8 38 20 13
  8 38 21 13
  8 38 22 13
  8 38 23 13
  8 38 24 13
  8 38 25 13
  8 38 26 13
  8 38 27 13
  8 38 28 13
  8 38 29 13
  8 38 30 13
  8 38 31 13
  8 38 32 13
  8 38 33 13
  8 38 34 13
  8 38 35 13
  8 38 36 13
  8 38 37 13
  8 38 38 13
  8 38 39 13
  8 38 40 13
  8 38 41 13
  8 38 42 13
  8 38 43 13
  8 38 44 13
  8 38 45 13
  8 38 46 13
  8 38 47 13
  8 38 48 13
  8 38 49 13
  8 38 50 13
  8 38 51 13
  8 38 52 13
  8 38 53 13
  8 38 54 13
  8 38 55 13
  8 38 56 13
  8 38 57 13
  8 38 58 13
  8 38 59 13
  8 38 60 13
  8 38 61 13
  8 38 62 13
  8 38 63 13
  8 38 64 13
  8 38 65 13
  8 38 66 13
  8 38 67 13
  8 38 68 13
  8 38 69 13
  8 38 70 13
  8 38 71 13
  8 38 72 13
  8 38 73 13
  8 38 74 13
  8 38 75 13
  8 38 76 13
  8 38 77 13
  8 38 78 13
  8 38 79 13
  8 38 80 13
  8 38 81 13
  8 38 82 13
  8 38 83 13
  8 38 84 13
  8 38 85 13
  8 38 86 13
  8 38 87 13
  8 38 88 13
  8 38 89 13
  8 38 90 13
  8 38 91 13
  8 38 92 13
  8 38 93 13
  8 38 94 13
  8 38 95 13
  8 38 96 13
  8 38 97 13
  8 38 98 13
  8 38 99 13
  8 38 100 13
  8 38 101 13
  8 38 102 13
  8 38 103 13
  8 38 104 13
  8 38 105 13
  8 38 106 13
  8 38 107 13
  8 38 108 13
  8 38 109 13
  8 38 110 13
  8 38 111 13
  8 38 112 13
  8 38 113 13
  8 38 114 13
  8 38 115 13
  8 38 116 13
  8 38 117 13
  8 38 118 13
  8 38 119 13
  8 38 120 13
  8 38 121 13
  8 38 122 13
  8 38 123 13
  8 38 124 13
  8 38 125 13
  8 38 126 13
  8 38 127 13
  8 38 128 13
  8 38 129 13
  8 38 130 13
  8 38 131 13
  8 38 132 13
  8 38 133 13
  8 38 134 13
  8 38 135 13
  8 38 136 13
  8 38 137 13
  8 38 138 13
  8 38 139 13
  8 38 140 13
  8 38 141 13
  8 38 142 13
  8 38 143 13
  8 38 144 13
  8 38 145 13
  8 38 146 13
  8 38 147 13
  8 38 148 13
  8 38 149 13
  8 38 150 13
  8 39 16 13
  8 39 17 13
  8 39 18 13
  8 39 19 13
  8 39 20 13
  8 39 21 13
  8 39 22 13
  8 39 23 13
  8 39 24 13
  8 39 25 13
  8 39 26 13
  8 39 27 13
  8 39 28 13
  8 39 29 13
  8 39 30 13
  8 39 31 13
  8 39 32 13
  8 39 33 13
  8 39 34 13
  8 39 35 13
  8 39 36 13
  8 39 37 13
  8 39 38 13
  8 39 39 13
  8 39 40 13
  8 39 41 13
  8 39 42 13
  8 39 43 13
  8 39 44 13
  8 39 45 13
  8 39 46 13
  8 39 47 13
  8 39 48 13
  8 39 49 13
  8 39 50 13
  8 39 51 13
  8 39 52 13
  8 39 53 13
  8 39 54 13
  8 39 55 13
  8 39 56 13
  8 39 57 13
  8 39 58 13
  8 39 59 13
  8 39 60 13
  8 39 61 13
  8 39 62 13
  8 39 63 13
  8 39 64 13
  8 39 65 13
  8 39 66 13
  8 39 67 13
  8 39 68 13
  8 39 69 13
  8 39 70 13
  8 39 71 13
  8 39 72 13
  8 39 73 13
  8 39 74 13
  8 39 75 13
  8 39 76 13
  8 39 77 13
  8 39 78 13
  8 39 79 13
  8 39 80 13
  8 39 81 13
  8 39 82 13
  8 39 83 13
  8 39 84 13
  8 39 85 13
  8 39 86 13
  8 39 87 13
  8 39 88 13
  8 39 89 13
  8 39 90 13
  8 39 91 13
  8 39 92 13
  8 39 93 13
  8 39 94 13
  8 39 95 13
  8 39 96 13
  8 39 97 13
  8 39 98 13
  8 39 99 13
  8 39 100 13
  8 39 101 13
  8 39 102 13
  8 39 103 13
  8 39 104 13
  8 39 105 13
  8 39 106 13
  8 39 107 13
  8 39 108 13
  8 39 109 13
  8 39 110 13
  8 39 111 13
  8 39 112 13
  8 39 113 13
  8 39 114 13
  8 39 115 13
  8 39 116 13
  8 39 117 13
  8 39 118 13
  8 39 119 13
  8 39 120 13
  8 39 121 13
  8 39 122 13
  8 39 123 13
  8 39 124 13
  8 39 125 13
  8 39 126 13
  8 39 127 13
  8 39 128 13
  8 39 129 13
  8 39 130 13
  8 39 131 13
  8 39 132 13
  8 39 133 13
  8 39 134 13
  8 39 135 13
  8 39 136 13
  8 39 137 13
  8 39 138 13
  8 39 139 13
  8 39 140 13
  8 39 141 13
  8 39 142 13
  8 39 143 13
  8 39 144 13
  8 39 145 13
  8 39 146 13
  8 39 147 13
  8 39 148 13
  8 39 149 13
  8 39 150 13
  8 40 16 13
  8 40 17 13
  8 40 18 13
  8 40 19 13
  8 40 20 13
  8 40 21 13
  8 40 22 13
  8 40 23 13
  8 40 24 13
  8 40 25 13
  8 40 26 13
  8 40 27 13
  8 40 28 13
  8 40 29 13
  8 40 30 13
  8 40 31 13
  8 40 32 13
  8 40 33 13
  8 40 34 13
  8 40 35 13
  8 40 36 13
  8 40 37 13
  8 40 38 13
  8 40 39 13
  8 40 40 13
  8 40 41 13
  8 40 42 13
  8 40 43 13
  8 40 44 13
  8 40 45 13
  8 40 46 13
  8 40 47 13
  8 40 48 13
  8 40 49 13
  8 40 50 13
  8 40 51 13
  8 40 52 13
  8 40 53 13
  8 40 54 13
  8 40 55 13
  8 40 56 13
  8 40 57 13
  8 40 58 13
  8 40 59 13
  8 40 60 13
  8 40 61 13
  8 40 62 13
  8 40 63 13
  8 40 64 13
  8 40 65 13
  8 40 66 13
  8 40 67 13
  8 40 68 13
  8 40 69 13
  8 40 70 13
  8 40 71 13
  8 40 72 13
  8 40 73 13
  8 40 74 13
  8 40 75 13
  8 40 76 13
  8 40 77 13
  8 40 78 13
  8 40 79 13
  8 40 80 13
  8 40 81 13
  8 40 82 13
  8 40 83 13
  8 40 84 13
  8 40 85 13
  8 40 86 13
  8 40 87 13
  8 40 88 13
  8 40 89 13
  8 40 90 13
  8 40 91 13
  8 40 92 13
  8 40 93 13
  8 40 94 13
  8 40 95 13
  8 40 96 13
  8 40 97 13
  8 40 98 13
  8 40 99 13
  8 40 100 13
  8 40 101 13
  8 40 102 13
  8 40 103 13
  8 40 104 13
  8 40 105 13
  8 40 106 13
  8 40 107 13
  8 40 108 13
  8 40 109 13
  8 40 110 13
  8 40 111 13
  8 40 112 13
  8 40 113 13
  8 40 114 13
  8 40 115 13
  8 40 116 13
  8 40 117 13
  8 40 118 13
  8 40 119 13
  8 40 120 13
  8 40 121 13
  8 40 122 13
  8 40 123 13
  8 40 124 13
  8 40 125 13
  8 40 126 13
  8 40 127 13
  8 40 128 13
  8 40 129 13
  8 40 130 13
  8 40 131 13
  8 40 132 13
  8 40 133 13
  8 40 134 13
  8 40 135 13
  8 40 136 13
  8 40 137 13
  8 40 138 13
  8 40 139 13
  8 40 140 13
  8 40 141 13
  8 40 142 13
  8 40 143 13
  8 40 144 13
  8 40 145 13
  8 40 146 13
  8 40 147 13
  8 40 148 13
  8 40 149 13
  8 40 150 13
  8 41 15 13
  8 41 16 13
  8 41 17 13
  8 41 18 13
  8 41 19 13
  8 41 20 13
  8 41 21 13
  8 41 22 13
  8 41 23 13
  8 41 24 13
  8 41 25 13
  8 41 26 13
  8 41 27 13
  8 41 28 13
  8 41 29 13
  8 41 30 13
  8 41 31 13
  8 41 32 13
  8 41 33 13
  8 41 34 13
  8 41 35 13
  8 41 36 13
  8 41 37 13
  8 41 38 13
  8 41 39 13
  8 41 40 13
  8 41 41 13
  8 41 42 13
  8 41 43 13
  8 41 44 13
  8 41 45 13
  8 41 46 13
  8 41 47 13
  8 41 48 13
  8 41 49 13
  8 41 50 13
  8 41 51 13
  8 41 52 13
  8 41 53 13
  8 41 54 13
  8 41 55 13
  8 41 56 13
  8 41 57 13
  8 41 58 13
  8 41 59 13
  8 41 60 13
  8 41 61 13
  8 41 62 13
  8 41 63 13
  8 41 64 13
  8 41 65 13
  8 41 66 13
  8 41 67 13
  8 41 68 13
  8 41 69 13
  8 41 70 13
  8 41 71 13
  8 41 72 13
  8 41 73 13
  8 41 74 13
  8 41 75 13
  8 41 76 13
  8 41 77 13
  8 41 78 13
  8 41 79 13
  8 41 80 13
  8 41 81 13
  8 41 82 13
  8 41 83 13
  8 41 84 13
  8 41 85 13
  8 41 86 13
  8 41 87 13
  8 41 88 13
  8 41 89 13
  8 41 90 13
  8 41 91 13
  8 41 92 13
  8 41 93 13
  8 41 94 13
  8 41 95 13
  8 41 96 13
  8 41 97 13
  8 41 98 13
  8 41 99 13
  8 41 100 13
  8 41 101 13
  8 41 102 13
  8 41 103 13
  8 41 104 13
  8 41 105 13
  8 41 106 13
  8 41 107 13
  8 41 108 13
  8 41 125 13
  8 41 126 13
  8 41 127 13
  8 41 128 13
  8 41 129 13
  8 41 130 13
  8 41 131 13
  8 41 132 13
  8 41 133 13
  8 41 134 13
  8 41 135 13
  8 41 136 13
  8 41 137 13
  8 41 138 13
  8 41 139 13
  8 41 140 13
  8 41 141 13
  8 41 142 13
  8 41 143 13
  8 41 144 13
  8 41 145 13
  8 41 146 13
  8 41 147 13
  8 41 148 13
  8 41 149 13
  8 41 150 13
  8 42 15 13
  8 42 16 13
  8 42 17 13
  8 42 18 13
  8 42 19 13
  8 42 20 13
  8 42 21 13
  8 42 22 13
  8 42 23 13
  8 42 24 13
  8 42 25 13
  8 42 26 13
  8 42 27 13
  8 42 28 13
  8 42 29 13
  8 42 30 13
  8 42 31 13
  8 42 32 13
  8 42 33 13
  8 42 34 13
  8 42 35 13
  8 42 36 13
  8 42 37 13
  8 42 38 13
  8 42 39 13
  8 42 40 13
  8 42 41 13
  8 42 42 13
  8 42 43 13
  8 42 44 13
  8 42 45 13
  8 42 46 13
  8 42 47 13
  8 42 48 13
  8 42 49 13
  8 42 50 13
  8 42 51 13
  8 42 52 13
  8 42 53 13
  8 42 54 13
  8 42 55 13
  8 42 56 13
  8 42 57 13
  8 42 58 13
  8 42 59 13
  8 42 60 13
  8 42 61 13
  8 42 62 13
  8 42 63 13
  8 42 64 13
  8 42 65 13
  8 42 66 13
  8 42 67 13
  8 42 68 13
  8 42 69 13
  8 42 70 13
  8 42 71 13
  8 42 72 13
  8 42 73 13
  8 42 74 13
  8 42 75 13
  8 42 76 13
  8 42 77 13
  8 42 78 13
  8 42 79 13
  8 42 80 13
  8 42 81 13
  8 42 82 13
  8 42 83 13
  8 42 84 13
  8 42 85 13
  8 42 86 13
  8 42 87 13
  8 42 88 13
  8 42 89 13
  8 42 90 13
  8 42 91 13
  8 42 92 13
  8 42 93 13
  8 42 94 13
  8 42 95 13
  8 42 96 13
  8 42 97 13
  8 42 98 13
  8 42 99 13
  8 42 100 13
  8 42 101 13
  8 42 102 13
  8 42 103 13
  8 42 104 13
  8 42 105 13
  8 42 106 13
  8 42 107 13
  8 42 108 13
  8 42 128 13
  8 42 129 13
  8 42 130 13
  8 42 131 13
  8 42 132 13
  8 42 133 13
  8 42 134 13
  8 42 135 13
  8 42 136 13
  8 42 137 13
  8 42 138 13
  8 42 139 13
  8 42 140 13
  8 42 141 13
  8 42 142 13
  8 42 143 13
  8 42 144 13
  8 42 145 13
  8 42 146 13
  8 42 147 13
  8 42 148 13
  8 42 149 13
  8 42 150 13
  8 43 14 13
  8 43 15 13
  8 43 16 13
  8 43 17 13
  8 43 18 13
  8 43 19 13
  8 43 20 13
  8 43 21 13
  8 43 22 13
  8 43 23 13
  8 43 24 13
  8 43 25 13
  8 43 26 13
  8 43 27 13
  8 43 28 13
  8 43 29 13
  8 43 30 13
  8 43 31 13
  8 43 32 13
  8 43 33 13
  8 43 34 13
  8 43 35 13
  8 43 36 13
  8 43 37 13
  8 43 38 13
  8 43 39 13
  8 43 40 13
  8 43 41 13
  8 43 42 13
  8 43 43 13
  8 43 44 13
  8 43 45 13
  8 43 46 13
  8 43 47 13
  8 43 48 13
  8 43 49 13
  8 43 50 13
  8 43 51 13
  8 43 52 13
  8 43 53 13
  8 43 54 13
  8 43 55 13
  8 43 56 13
  8 43 57 13
  8 43 58 13
  8 43 59 13
  8 43 60 13
  8 43 61 13
  8 43 62 13
  8 43 63 13
  8 43 64 13
  8 43 65 13
  8 43 66 13
  8 43 67 13
  8 43 68 13
  8 43 69 13
  8 43 70 13
  8 43 71 13
  8 43 72 13
  8 43 73 13
  8 43 74 13
  8 43 75 13
  8 43 76 13
  8 43 77 13
  8 43 78 13
  8 43 79 13
  8 43 80 13
  8 43 81 13
  8 43 82 13
  8 43 83 13
  8 43 84 13
  8 43 85 13
  8 43 86 13
  8 43 87 13
  8 43 88 13
  8 43 89 13
  8 43 90 13
  8 43 91 13
  8 43 92 13
  8 43 93 13
  8 43 94 13
  8 43 95 13
  8 43 96 13
  8 43 97 13
  8 43 98 13
  8 43 99 13
  8 43 100 13
  8 43 101 13
  8 43 102 13
  8 43 103 13
  8 43 104 13
  8 43 105 13
  8 43 106 13
  8 43 107 13
  8 43 131 13
  8 43 132 13
  8 43 133 13
  8 43 134 13
  8 43 135 13
  8 43 136 13
  8 43 137 13
  8 43 138 13
  8 43 139 13
  8 43 140 13
  8 43 141 13
  8 43 142 13
  8 43 143 13
  8 43 144 13
  8 43 145 13
  8 43 146 13
  8 43 147 13
  8 43 148 13
  8 43 149 13
  8 43 150 13
  8 44 14 13
  8 44 15 13
  8 44 16 13
  8 44 17 13
  8 44 18 13
  8 44 19 13
  8 44 20 13
  8 44 21 13
  8 44 22 13
  8 44 23 13
  8 44 24 13
  8 44 25 13
  8 44 26 13
  8 44 27 13
  8 44 28 13
  8 44 29 13
  8 44 30 13
  8 44 31 13
  8 44 32 13
  8 44 33 13
  8 44 34 13
  8 44 35 13
  8 44 36 13
  8 44 37 13
  8 44 38 13
  8 44 39 13
  8 44 40 13
  8 44 41 13
  8 44 42 13
  8 44 43 13
  8 44 44 13
  8 44 45 13
  8 44 46 13
  8 44 47 13
  8 44 48 13
  8 44 49 13
  8 44 50 13
  8 44 51 13
  8 44 52 13
  8 44 53 13
  8 44 54 13
  8 44 55 13
  8 44 56 13
  8 44 57 13
  8 44 58 13
  8 44 59 13
  8 44 60 13
  8 44 61 13
  8 44 62 13
  8 44 63 13
  8 44 64 13
  8 44 65 13
  8 44 66 13
  8 44 67 13
  8 44 68 13
  8 44 69 13
  8 44 70 13
  8 44 71 13
  8 44 72 13
  8 44 73 13
  8 44 74 13
  8 44 75 13
  8 44 76 13
  8 44 77 13
  8 44 78 13
  8 44 79 13
  8 44 80 13
  8 44 81 13
  8 44 82 13
  8 44 83 13
  8 44 84 13
  8 44 85 13
  8 44 86 13
  8 44 87 13
  8 44 88 13
  8 44 89 13
  8 44 90 13
  8 44 91 13
  8 44 92 13
  8 44 93 13
  8 44 94 13
  8 44 95 13
  8 44 96 13
  8 44 97 13
  8 44 98 13
  8 44 99 13
  8 44 100 13
  8 44 101 13
  8 44 102 13
  8 44 103 13
  8 44 104 13
  8 44 105 13
  8 44 106 13
  8 44 107 13
  8 44 133 13
  8 44 134 13
  8 44 135 13
  8 44 136 13
  8 44 137 13
  8 44 138 13
  8 44 139 13
  8 44 140 13
  8 44 141 13
  8 44 142 13
  8 44 143 13
  8 44 144 13
  8 44 145 13
  8 44 146 13
  8 44 147 13
  8 44 148 13
  8 44 149 13
  8 44 150 13
  8 45 13 13
  8 45 14 13
  8 45 15 13
  8 45 16 13
  8 45 17 13
  8 45 18 13
  8 45 19 13
  8 45 20 13
  8 45 21 13
  8 45 22 13
  8 45 23 13
  8 45 24 13
  8 45 25 13
  8 45 26 13
  8 45 27 13
  8 45 28 13
  8 45 29 13
  8 45 30 13
  8 45 31 13
  8 45 32 13
  8 45 33 13
  8 45 34 13
  8 45 35 13
  8 45 36 13
  8 45 37 13
  8 45 38 13
  8 45 39 13
  8 45 40 13
  8 45 41 13
  8 45 42 13
  8 45 43 13
  8 45 44 13
  8 45 45 13
  8 45 46 13
  8 45 47 13
  8 45 48 13
  8 45 49 13
  8 45 50 13
  8 45 51 13
  8 45 52 13
  8 45 53 13
  8 45 54 13
  8 45 55 13
  8 45 56 13
  8 45 57 13
  8 45 58 13
  8 45 59 13
  8 45 60 13
  8 45 61 13
  8 45 62 13
  8 45 63 13
  8 45 64 13
  8 45 65 13
  8 45 66 13
  8 45 67 13
  8 45 68 13
  8 45 69 13
  8 45 70 13
  8 45 71 13
  8 45 72 13
  8 45 73 13
  8 45 74 13
  8 45 75 13
  8 45 76 13
  8 45 77 13
  8 45 78 13
  8 45 79 13
  8 45 80 13
  8 45 81 13
  8 45 82 13
  8 45 83 13
  8 45 84 13
  8 45 85 13
  8 45 86 13
  8 45 87 13
  8 45 88 13
  8 45 89 13
  8 45 90 13
  8 45 91 13
  8 45 92 13
  8 45 93 13
  8 45 94 13
  8 45 95 13
  8 45 96 13
  8 45 97 13
  8 45 98 13
  8 45 99 13
  8 45 100 13
  8 45 101 13
  8 45 102 13
  8 45 103 13
  8 45 104 13
  8 45 105 13
  8 45 106 13
  8 45 107 13
  8 45 136 13
  8 45 137 13
  8 45 138 13
  8 45 139 13
  8 45 140 13
  8 45 141 13
  8 45 142 13
  8 45 143 13
  8 45 144 13
  8 45 145 13
  8 45 146 13
  8 45 147 13
  8 45 148 13
  8 45 149 13
  8 45 150 13
  8 46 13 13
  8 46 14 13
  8 46 15 13
  8 46 16 13
  8 46 17 13
  8 46 18 13
  8 46 19 13
  8 46 20 13
  8 46 21 13
  8 46 22 13
  8 46 23 13
  8 46 24 13
  8 46 25 13
  8 46 26 13
  8 46 27 13
  8 46 28 13
  8 46 29 13
  8 46 30 13
  8 46 31 13
  8 46 32 13
  8 46 33 13
  8 46 34 13
  8 46 35 13
  8 46 36 13
  8 46 37 13
  8 46 38 13
  8 46 39 13
  8 46 40 13
  8 46 41 13
  8 46 42 13
  8 46 43 13
  8 46 44 13
  8 46 45 13
  8 46 46 13
  8 46 47 13
  8 46 48 13
  8 46 49 13
  8 46 50 13
  8 46 51 13
  8 46 52 13
  8 46 53 13
  8 46 54 13
  8 46 55 13
  8 46 56 13
  8 46 57 13
  8 46 58 13
  8 46 59 13
  8 46 60 13
  8 46 61 13
  8 46 62 13
  8 46 63 13
  8 46 64 13
  8 46 65 13
  8 46 66 13
  8 46 67 13
  8 46 68 13
  8 46 69 13
  8 46 70 13
  8 46 71 13
  8 46 72 13
  8 46 73 13
  8 46 74 13
  8 46 75 13
  8 46 76 13
  8 46 77 13
  8 46 78 13
  8 46 79 13
  8 46 80 13
  8 46 81 13
  8 46 82 13
  8 46 83 13
  8 46 84 13
  8 46 85 13
  8 46 86 13
  8 46 87 13
  8 46 88 13
  8 46 89 13
  8 46 90 13
  8 46 91 13
  8 46 92 13
  8 46 93 13
  8 46 94 13
  8 46 95 13
  8 46 96 13
  8 46 97 13
  8 46 98 13
  8 46 99 13
  8 46 100 13
  8 46 101 13
  8 46 102 13
  8 46 103 13
  8 46 104 13
  8 46 105 13
  8 46 106 13
  8 46 139 13
  8 46 140 13
  8 46 141 13
  8 46 142 13
  8 46 143 13
  8 46 144 13
  8 46 145 13
  8 46 146 13
  8 46 147 13
  8 46 148 13
  8 46 149 13
  8 46 150 13
  8 47 12 13
  8 47 13 13
  8 47 14 13
  8 47 15 13
  8 47 16 13
  8 47 17 13
  8 47 18 13
  8 47 19 13
  8 47 20 13
  8 47 21 13
  8 47 22 13
  8 47 23 13
  8 47 24 13
  8 47 25 13
  8 47 26 13
  8 47 27 13
  8 47 28 13
  8 47 29 13
  8 47 30 13
  8 47 31 13
  8 47 32 13
  8 47 33 13
  8 47 34 13
  8 47 35 13
  8 47 36 13
  8 47 37 13
  8 47 38 13
  8 47 39 13
  8 47 40 13
  8 47 41 13
  8 47 42 13
  8 47 43 13
  8 47 44 13
  8 47 45 13
  8 47 46 13
  8 47 47 13
  8 47 48 13
  8 47 49 13
  8 47 50 13
  8 47 51 13
  8 47 52 13
  8 47 53 13
  8 47 54 13
  8 47 55 13
  8 47 56 13
  8 47 57 13
  8 47 58 13
  8 47 59 13
  8 47 60 13
  8 47 61 13
  8 47 62 13
  8 47 63 13
  8 47 64 13
  8 47 65 13
  8 47 66 13
  8 47 67 13
  8 47 68 13
  8 47 69 13
  8 47 70 13
  8 47 71 13
  8 47 72 13
  8 47 73 13
  8 47 74 13
  8 47 75 13
  8 47 76 13
  8 47 77 13
  8 47 78 13
  8 47 79 13
  8 47 80 13
  8 47 81 13
  8 47 82 13
  8 47 83 13
  8 47 84 13
  8 47 85 13
  8 47 86 13
  8 47 87 13
  8 47 88 13
  8 47 89 13
  8 47 90 13
  8 47 91 13
  8 47 92 13
  8 47 93 13
  8 47 94 13
  8 47 95 13
  8 47 96 13
  8 47 97 13
  8 47 98 13
  8 47 99 13
  8 47 100 13
  8 47 101 13
  8 47 102 13
  8 47 103 13
  8 47 104 13
  8 47 105 13
  8 47 106 13
  8 47 143 13
  8 47 144 13
  8 47 145 13
  8 47 146 13
  8 47 147 13
  8 47 148 13
  8 47 149 13
  8 47 150 13
  8 48 12 13
  8 48 13 13
  8 48 14 13
  8 48 15 13
  8 48 16 13
  8 48 17 13
  8 48 18 13
  8 48 19 13
  8 48 20 13
  8 48 21 13
  8 48 22 13
  8 48 23 13
  8 48 24 13
  8 48 25 13
  8 48 26 13
  8 48 27 13
  8 48 28 13
  8 48 29 13
  8 48 30 13
  8 48 31 13
  8 48 32 13
  8 48 33 13
  8 48 34 13
  8 48 35 13
  8 48 36 13
  8 48 37 13
  8 48 38 13
  8 48 39 13
  8 48 40 13
  8 48 41 13
  8 48 42 13
  8 48 43 13
  8 48 44 13
  8 48 45 13
  8 48 46 13
  8 48 47 13
  8 48 48 13
  8 48 49 13
  8 48 50 13
  8 48 51 13
  8 48 52 13
  8 48 53 13
  8 48 54 13
  8 48 55 13
  8 48 56 13
  8 48 57 13
  8 48 58 13
  8 48 59 13
  8 48 60 13
  8 48 61 13
  8 48 62 13
  8 48 63 13
  8 48 64 13
  8 48 65 13
  8 48 66 13
  8 48 67 13
  8 48 68 13
  8 48 69 13
  8 48 70 13
  8 48 71 13
  8 48 72 13
  8 48 73 13
  8 48 74 13
  8 48 75 13
  8 48 76 13
  8 48 77 13
  8 48 78 13
  8 48 79 13
  8 48 80 13
  8 48 81 13
  8 48 82 13
  8 48 83 13
  8 48 84 13
  8 48 85 13
  8 48 86 13
  8 48 87 13
  8 48 88 13
  8 48 89 13
  8 48 90 13
  8 48 91 13
  8 48 92 13
  8 48 93 13
  8 48 94 13
  8 48 95 13
  8 48 96 13
  8 48 97 13
  8 48 98 13
  8 48 99 13
  8 48 100 13
  8 48 101 13
  8 48 102 13
  8 48 103 13
  8 48 104 13
  8 48 105 13
  8 48 145 13
  8 48 146 13
  8 48 147 13
  8 48 148 13
  8 48 149 13
  8 48 150 13
  8 49 12 13
  8 49 13 13
  8 49 14 13
  8 49 15 13
  8 49 16 13
  8 49 17 13
  8 49 18 13
  8 49 19 13
  8 49 20 13
  8 49 21 13
  8 49 22 13
  8 49 23 13
  8 49 24 13
  8 49 25 13
  8 49 26 13
  8 49 27 13
  8 49 28 13
  8 49 29 13
  8 49 30 13
  8 49 31 13
  8 49 32 13
  8 49 33 13
  8 49 34 13
  8 49 35 13
  8 49 36 13
  8 49 37 13
  8 49 38 13
  8 49 39 13
  8 49 40 13
  8 49 41 13
  8 49 42 13
  8 49 43 13
  8 49 44 13
  8 49 45 13
  8 49 46 13
  8 49 47 13
  8 49 48 13
  8 49 49 13
  8 49 50 13
  8 49 51 13
  8 49 52 13
  8 49 53 13
  8 49 54 13
  8 49 55 13
  8 49 56 13
  8 49 57 13
  8 49 58 13
  8 49 59 13
  8 49 60 13
  8 49 61 13
  8 49 62 13
  8 49 63 13
  8 49 64 13
  8 49 65 13
  8 49 66 13
  8 49 67 13
  8 49 68 13
  8 49 69 13
  8 49 70 13
  8 49 71 13
  8 49 72 13
  8 49 73 13
  8 49 74 13
  8 49 75 13
  8 49 76 13
  8 49 77 13
  8 49 78 13
  8 49 79 13
  8 49 80 13
  8 49 81 13
  8 49 82 13
  8 49 83 13
  8 49 84 13
  8 49 85 13
  8 49 86 13
  8 49 87 13
  8 49 88 13
  8 49 89 13
  8 49 90 13
  8 49 91 13
  8 49 92 13
  8 49 93 13
  8 49 94 13
  8 49 95 13
  8 49 96 13
  8 49 97 13
  8 49 98 13
  8 49 99 13
  8 49 100 13
  8 49 101 13
  8 49 102 13
  8 49 103 13
  8 49 104 13
  8 49 105 13
  8 49 148 13
  8 49 149 13
  8 49 150 13
  8 50 11 13
  8 50 12 13
  8 50 13 13
  8 50 14 13
  8 50 15 13
  8 50 16 13
  8 50 17 13
  8 50 18 13
  8 50 19 13
  8 50 20 13
  8 50 21 13
  8 50 22 13
  8 50 23 13
  8 50 24 13
  8 50 25 13
  8 50 26 13
  8 50 27 13
  8 50 28 13
  8 50 29 13
  8 50 30 13
  8 50 31 13
  8 50 32 13
  8 50 33 13
  8 50 34 13
  8 50 35 13
  8 50 36 13
  8 50 37 13
  8 50 38 13
  8 50 39 13
  8 50 40 13
  8 50 41 13
  8 50 42 13
  8 50 43 13
  8 50 44 13
  8 50 45 13
  8 50 46 13
  8 50 47 13
  8 50 48 13
  8 50 49 13
  8 50 50 13
  8 50 51 13
  8 50 52 13
  8 50 53 13
  8 50 54 13
  8 50 55 13
  8 50 56 13
  8 50 57 13
  8 50 58 13
  8 50 59 13
  8 50 60 13
  8 50 61 13
  8 50 62 13
  8 50 63 13
  8 50 64 13
  8 50 65 13
  8 50 66 13
  8 50 67 13
  8 50 68 13
  8 50 69 13
  8 50 70 13
  8 50 71 13
  8 50 72 13
  8 50 73 13
  8 50 74 13
  8 50 75 13
  8 50 76 13
  8 50 77 13
  8 50 78 13
  8 50 79 13
  8 50 80 13
  8 50 81 13
  8 50 82 13
  8 50 83 13
  8 50 84 13
  8 50 85 13
  8 50 86 13
  8 50 87 13
  8 50 88 13
  8 50 89 13
  8 50 90 13
  8 50 91 13
  8 50 92 13
  8 50 93 13
  8 50 94 13
  8 50 95 13
  8 50 96 13
  8 50 97 13
  8 50 98 13
  8 50 99 13
  8 50 100 13
  8 50 101 13
  8 50 102 13
  8 50 103 13
  8 50 104 13
  8 51 11 13
  8 51 12 13
  8 51 13 13
  8 51 14 13
  8 51 15 13
  8 51 16 13
  8 51 17 13
  8 51 18 13
  8 51 19 13
  8 51 20 13
  8 51 21 13
  8 51 22 13
  8 51 23 13
  8 51 24 13
  8 51 25 13
  8 51 26 13
  8 51 27 13
  8 51 28 13
  8 51 29 13
  8 51 30 13
  8 51 31 13
  8 51 32 13
  8 51 33 13
  8 51 34 13
  8 51 35 13
  8 51 36 13
  8 51 37 13
  8 51 38 13
  8 51 39 13
  8 51 40 13
  8 51 41 13
  8 51 42 13
  8 51 43 13
  8 51 44 13
  8 51 45 13
  8 51 46 13
  8 51 47 13
  8 51 48 13
  8 51 49 13
  8 51 50 13
  8 51 51 13
  8 51 52 13
  8 51 53 13
  8 51 54 13
  8 51 55 13
  8 51 56 13
  8 51 57 13
  8 51 58 13
  8 51 59 13
  8 51 60 13
  8 51 61 13
  8 51 62 13
  8 51 63 13
  8 51 64 13
  8 51 65 13
  8 51 66 13
  8 51 67 13
  8 51 68 13
  8 51 69 13
  8 51 70 13
  8 51 71 13
  8 51 72 13
  8 51 73 13
  8 51 74 13
  8 51 75 13
  8 51 76 13
  8 51 77 13
  8 51 78 13
  8 51 79 13
  8 51 80 13
  8 51 81 13
  8 51 82 13
  8 51 83 13
  8 51 84 13
  8 51 85 13
  8 51 86 13
  8 51 87 13
  8 51 88 13
  8 51 89 13
  8 51 90 13
  8 51 91 13
  8 51 92 13
  8 51 93 13
  8 51 94 13
  8 51 95 13
  8 51 96 13
  8 51 97 13
  8 51 98 13
  8 51 99 13
  8 51 100 13
  8 51 101 13
  8 51 102 13
  8 51 103 13
  8 51 104 13
  8 52 10 13
  8 52 11 13
  8 52 12 13
  8 52 13 13
  8 52 14 13
  8 52 15 13
  8 52 16 13
  8 52 17 13
  8 52 18 13
  8 52 19 13
  8 52 20 13
  8 52 21 13
  8 52 22 13
  8 52 23 13
  8 52 24 13
  8 52 25 13
  8 52 26 13
  8 52 27 13
  8 52 28 13
  8 52 29 13
  8 52 30 13
  8 52 31 13
  8 52 32 13
  8 52 33 13
  8 52 34 13
  8 52 35 13
  8 52 36 13
  8 52 37 13
  8 52 38 13
  8 52 39 13
  8 52 40 13
  8 52 41 13
  8 52 42 13
  8 52 43 13
  8 52 44 13
  8 52 45 13
  8 52 46 13
  8 52 47 13
  8 52 48 13
  8 52 49 13
  8 52 50 13
  8 52 51 13
  8 52 52 13
  8 52 53 13
  8 52 54 13
  8 52 55 13
  8 52 56 13
  8 52 57 13
  8 52 58 13
  8 52 59 13
  8 52 60 13
  8 52 61 13
  8 52 62 13
  8 52 63 13
  8 52 64 13
  8 52 65 13
  8 52 66 13
  8 52 67 13
  8 52 68 13
  8 52 69 13
  8 52 70 13
  8 52 71 13
  8 52 72 13
  8 52 73 13
  8 52 74 13
  8 52 75 13
  8 52 76 13
  8 52 77 13
  8 52 78 13
  8 52 79 13
  8 52 80 13
  8 52 81 13
  8 52 82 13
  8 52 83 13
  8 52 84 13
  8 52 85 13
  8 52 86 13
  8 52 87 13
  8 52 88 13
  8 52 89 13
  8 52 90 13
  8 52 91 13
  8 52 92 13
  8 52 93 13
  8 52 94 13
  8 52 95 13
  8 52 96 13
  8 52 97 13
  8 52 98 13
  8 52 99 13
  8 52 100 13
  8 52 101 13
  8 52 102 13
  8 52 103 13
  8 53 10 13
  8 53 11 13
  8 53 12 13
  8 53 13 13
  8 53 14 13
  8 53 15 13
  8 53 16 13
  8 53 17 13
  8 53 18 13
  8 53 19 13
  8 53 20 13
  8 53 21 13
  8 53 22 13
  8 53 23 13
  8 53 24 13
  8 53 25 13
  8 53 26 13
  8 53 27 13
  8 53 28 13
  8 53 29 13
  8 53 30 13
  8 53 31 13
  8 53 32 13
  8 53 33 13
  8 53 34 13
  8 53 35 13
  8 53 36 13
  8 53 37 13
  8 53 38 13
  8 53 39 13
  8 53 40 13
  8 53 41 13
  8 53 42 13
  8 53 43 13
  8 53 44 13
  8 53 45 13
  8 53 46 13
  8 53 47 13
  8 53 48 13
  8 53 49 13
  8 53 50 13
  8 53 51 13
  8 53 52 13
  8 53 53 13
  8 53 54 13
  8 53 55 13
  8 53 56 13
  8 53 57 13
  8 53 58 13
  8 53 59 13
  8 53 60 13
  8 53 61 13
  8 53 62 13
  8 53 63 13
  8 53 64 13
  8 53 65 13
  8 53 66 13
  8 53 67 13
  8 53 68 13
  8 53 69 13
  8 53 70 13
  8 53 71 13
  8 53 72 13
  8 53 73 13
  8 53 74 13
  8 53 75 13
  8 53 76 13
  8 53 77 13
  8 53 78 13
  8 53 79 13
  8 53 80 13
  8 53 81 13
  8 53 82 13
  8 53 83 13
  8 53 84 13
  8 53 85 13
  8 53 86 13
  8 53 87 13
  8 53 88 13
  8 53 89 13
  8 53 90 13
  8 53 91 13
  8 53 92 13
  8 53 93 13
  8 53 94 13
  8 53 95 13
  8 53 96 13
  8 53 97 13
  8 53 98 13
  8 53 99 13
  8 54 9 13
  8 54 10 13
  8 54 11 13
  8 54 12 13
  8 54 13 13
  8 54 14 13
  8 54 15 13
  8 54 16 13
  8 54 17 13
  8 54 18 13
  8 54 19 13
  8 54 20 13
  8 54 21 13
  8 54 22 13
  8 54 23 13
  8 54 24 13
  8 54 25 13
  8 54 26 13
  8 54 27 13
  8 54 28 13
  8 54 29 13
  8 54 30 13
  8 54 31 13
  8 54 32 13
  8 54 33 13
  8 54 34 13
  8 54 35 13
  8 54 36 13
  8 54 37 13
  8 54 38 13
  8 54 39 13
  8 54 40 13
  8 54 41 13
  8 54 42 13
  8 54 43 13
  8 54 44 13
  8 54 45 13
  8 54 46 13
  8 54 47 13
  8 54 48 13
  8 54 49 13
  8 54 50 13
  8 54 51 13
  8 54 52 13
  8 54 53 13
  8 54 54 13
  8 54 55 13
  8 54 56 13
  8 54 57 13
  8 54 58 13
  8 54 59 13
  8 54 60 13
  8 54 61 13
  8 54 62 13
  8 54 63 13
  8 54 64 13
  8 54 65 13
  8 54 66 13
  8 54 67 13
  8 54 68 13
  8 54 69 13
  8 54 70 13
  8 54 71 13
  8 54 72 13
  8 54 73 13
  8 54 74 13
  8 54 75 13
  8 54 76 13
  8 54 77 13
  8 54 78 13
  8 54 79 13
  8 54 80 13
  8 54 81 13
  8 54 82 13
  8 54 83 13
  8 54 84 13
  8 54 85 13
  8 54 86 13
  8 54 87 13
  8 54 88 13
  8 54 89 13
  8 54 90 13
  8 54 91 13
  8 54 92 13
  8 54 93 13
  8 54 94 13
  8 54 95 13
  8 54 96 13
  8 55 9 13
  8 55 10 13
  8 55 11 13
  8 55 12 13
  8 55 13 13
  8 55 14 13
  8 55 15 13
  8 55 16 13
  8 55 17 13
  8 55 18 13
  8 55 19 13
  8 55 20 13
  8 55 21 13
  8 55 22 13
  8 55 23 13
  8 55 24 13
  8 55 25 13
  8 55 26 13
  8 55 27 13
  8 55 28 13
  8 55 29 13
  8 55 30 13
  8 55 31 13
  8 55 32 13
  8 55 33 13
  8 55 34 13
  8 55 35 13
  8 55 36 13
  8 55 37 13
  8 55 38 13
  8 55 39 13
  8 55 40 13
  8 55 41 13
  8 55 42 13
  8 55 43 13
  8 55 44 13
  8 55 45 13
  8 55 46 13
  8 55 47 13
  8 55 48 13
  8 55 49 13
  8 55 50 13
  8 55 51 13
  8 55 52 13
  8 55 53 13
  8 55 54 13
  8 55 55 13
  8 55 56 13
  8 55 57 13
  8 55 58 13
  8 55 59 13
  8 55 60 13
  8 55 61 13
  8 55 62 13
  8 55 63 13
  8 55 64 13
  8 55 65 13
  8 55 66 13
  8 55 67 13
  8 55 68 13
  8 55 69 13
  8 55 70 13
  8 55 71 13
  8 55 72 13
  8 55 73 13
  8 55 74 13
  8 55 75 13
  8 55 76 13
  8 55 77 13
  8 55 78 13
  8 55 79 13
  8 55 80 13
  8 55 81 13
  8 55 82 13
  8 55 83 13
  8 55 84 13
  8 55 85 13
  8 55 86 13
  8 55 87 13
  8 55 88 13
  8 55 89 13
  8 55 90 13
  8 55 91 13
  8 55 92 13
  8 55 93 13
  8 55 94 13
  8 56 8 13
  8 56 9 13
  8 56 10 13
  8 56 11 13
  8 56 12 13
  8 56 13 13
  8 56 14 13
  8 56 15 13
  8 56 16 13
  8 56 17 13
  8 56 18 13
  8 56 19 13
  8 56 20 13
  8 56 21 13
  8 56 22 13
  8 56 23 13
  8 56 24 13
  8 56 25 13
  8 56 26 13
  8 56 27 13
  8 56 28 13
  8 56 29 13
  8 56 30 13
  8 56 31 13
  8 56 32 13
  8 56 33 13
  8 56 34 13
  8 56 35 13
  8 56 36 13
  8 56 37 13
  8 56 38 13
  8 56 39 13
  8 56 40 13
  8 56 41 13
  8 56 42 13
  8 56 43 13
  8 56 44 13
  8 56 45 13
  8 56 46 13
  8 56 47 13
  8 56 48 13
  8 56 49 13
  8 56 50 13
  8 56 51 13
  8 56 52 13
  8 56 53 13
  8 56 54 13
  8 56 55 13
  8 56 56 13
  8 56 57 13
  8 56 58 13
  8 56 59 13
  8 56 60 13
  8 56 61 13
  8 56 62 13
  8 56 63 13
  8 56 64 13
  8 56 65 13
  8 56 66 13
  8 56 67 13
  8 56 68 13
  8 56 69 13
  8 56 70 13
  8 56 71 13
  8 56 72 13
  8 56 73 13
  8 56 74 13
  8 56 75 13
  8 56 76 13
  8 56 77 13
  8 56 78 13
  8 56 79 13
  8 56 80 13
  8 56 81 13
  8 56 82 13
  8 56 83 13
  8 56 84 13
  8 56 85 13
  8 56 86 13
  8 56 87 13
  8 56 88 13
  8 56 89 13
  8 56 90 13
  8 56 91 13
  8 56 92 13
  8 56 93 13
  8 57 8 13
  8 57 9 13
  8 57 10 13
  8 57 11 13
  8 57 12 13
  8 57 13 13
  8 57 14 13
  8 57 15 13
  8 57 16 13
  8 57 17 13
  8 57 18 13
  8 57 19 13
  8 57 20 13
  8 57 21 13
  8 57 22 13
  8 57 23 13
  8 57 24 13
  8 57 25 13
  8 57 26 13
  8 57 27 13
  8 57 28 13
  8 57 29 13
  8 57 30 13
  8 57 31 13
  8 57 32 13
  8 57 33 13
  8 57 34 13
  8 57 35 13
  8 57 36 13
  8 57 37 13
  8 57 38 13
  8 57 39 13
  8 57 40 13
  8 57 41 13
  8 57 42 13
  8 57 43 13
  8 57 44 13
  8 57 45 13
  8 57 46 13
  8 57 47 13
  8 57 48 13
  8 57 49 13
  8 57 50 13
  8 57 51 13
  8 57 52 13
  8 57 53 13
  8 57 54 13
  8 57 55 13
  8 57 56 13
  8 57 57 13
  8 57 58 13
  8 57 59 13
  8 57 60 13
  8 57 61 13
  8 57 62 13
  8 57 63 13
  8 57 64 13
  8 57 65 13
  8 57 66 13
  8 57 67 13
  8 57 68 13
  8 57 69 13
  8 57 70 13
  8 57 71 13
  8 57 72 13
  8 57 73 13
  8 57 74 13
  8 57 75 13
  8 57 76 13
  8 57 77 13
  8 57 78 13
  8 57 79 13
  8 57 80 13
  8 57 81 13
  8 57 82 13
  8 57 83 13
  8 57 84 13
  8 57 85 13
  8 57 86 13
  8 57 87 13
  8 57 88 13
  8 57 89 13
  8 57 90 13
  8 57 91 13
  8 57 92 13
  8 58 8 13
  8 58 9 13
  8 58 10 13
  8 58 11 13
  8 58 12 13
  8 58 13 13
  8 58 14 13
  8 58 15 13
  8 58 16 13
  8 58 17 13
  8 58 18 13
  8 58 19 13
  8 58 20 13
  8 58 21 13
  8 58 22 13
  8 58 23 13
  8 58 24 13
  8 58 25 13
  8 58 26 13
  8 58 27 13
  8 58 28 13
  8 58 29 13
  8 58 30 13
  8 58 31 13
  8 58 32 13
  8 58 33 13
  8 58 34 13
  8 58 35 13
  8 58 36 13
  8 58 37 13
  8 58 38 13
  8 58 39 13
  8 58 40 13
  8 58 41 13
  8 58 42 13
  8 58 43 13
  8 58 44 13
  8 58 45 13
  8 58 46 13
  8 58 47 13
  8 58 48 13
  8 58 49 13
  8 58 50 13
  8 58 51 13
  8 58 52 13
  8 58 53 13
  8 58 54 13
  8 58 55 13
  8 58 56 13
  8 58 57 13
  8 58 58 13
  8 58 59 13
  8 58 60 13
  8 58 61 13
  8 58 62 13
  8 58 63 13
  8 58 64 13
  8 58 65 13
  8 58 66 13
  8 58 67 13
  8 58 68 13
  8 58 69 13
  8 58 70 13
  8 58 71 13
  8 58 72 13
  8 58 73 13
  8 58 74 13
  8 58 75 13
  8 58 76 13
  8 58 77 13
  8 58 78 13
  8 58 79 13
  8 58 80 13
  8 58 81 13
  8 59 7 13
  8 59 8 13
  8 59 9 13
  8 59 10 13
  8 59 11 13
  8 59 12 13
  8 59 13 13
  8 59 14 13
  8 59 15 13
  8 59 16 13
  8 59 17 13
  8 59 18 13
  8 59 19 13
  8 59 20 13
  8 59 21 13
  8 59 22 13
  8 59 23 13
  8 59 24 13
  8 59 25 13
  8 59 26 13
  8 59 27 13
  8 59 28 13
  8 59 29 13
  8 59 30 13
  8 59 31 13
  8 59 32 13
  8 59 33 13
  8 59 34 13
  8 59 35 13
  8 59 36 13
  8 59 37 13
  8 59 38 13
  8 59 39 13
  8 59 40 13
  8 59 41 13
  8 59 42 13
  8 59 43 13
  8 59 44 13
  8 59 45 13
  8 59 46 13
  8 59 47 13
  8 59 48 13
  8 59 49 13
  8 59 50 13
  8 59 51 13
  8 59 52 13
  8 59 53 13
  8 59 54 13
  8 59 55 13
  8 59 56 13
  8 59 57 13
  8 59 58 13
  8 59 59 13
  8 59 60 13
  8 59 61 13
  8 59 62 13
  8 59 63 13
  8 59 64 13
  8 59 65 13
  8 59 66 13
  8 59 67 13
  8 59 68 13
  8 59 69 13
  8 59 70 13
  8 59 71 13
  8 59 72 13
  8 59 73 13
  8 59 74 13
  8 59 75 13
  8 59 76 13
  8 59 77 13
  8 59 78 13
  8 59 79 13
  8 60 7 13
  8 60 8 13
  8 60 9 13
  8 60 10 13
  8 60 11 13
  8 60 12 13
  8 60 13 13
  8 60 14 13
  8 60 15 13
  8 60 16 13
  8 60 17 13
  8 60 18 13
  8 60 19 13
  8 60 20 13
  8 60 21 13
  8 60 22 13
  8 60 23 13
  8 60 24 13
  8 60 25 13
  8 60 26 13
  8 60 27 13
  8 60 28 13
  8 60 29 13
  8 60 30 13
  8 60 31 13
  8 60 32 13
  8 60 33 13
  8 60 34 13
  8 60 35 13
  8 60 36 13
  8 60 37 13
  8 60 38 13
  8 60 39 13
  8 60 40 13
  8 60 41 13
  8 60 42 13
  8 60 43 13
  8 60 44 13
  8 60 45 13
  8 60 46 13
  8 60 47 13
  8 60 48 13
  8 60 49 13
  8 60 50 13
  8 60 51 13
  8 60 52 13
  8 60 53 13
  8 60 54 13
  8 60 55 13
  8 60 56 13
  8 60 57 13
  8 60 58 13
  8 60 59 13
  8 60 60 13
  8 60 61 13
  8 60 62 13
  8 60 63 13
  8 60 64 13
  8 60 65 13
  8 60 66 13
  8 60 67 13
  8 60 68 13
  8 60 69 13
  8 60 70 13
  8 60 71 13
  8 60 72 13
  8 60 73 13
  8 60 74 13
  8 60 75 13
  8 60 76 13
  8 60 77 13
  8 61 6 13
  8 61 7 13
  8 61 8 13
  8 61 9 13
  8 61 10 13
  8 61 11 13
  8 61 12 13
  8 61 13 13
  8 61 14 13
  8 61 15 13
  8 61 16 13
  8 61 17 13
  8 61 18 13
  8 61 19 13
  8 61 20 13
  8 61 21 13
  8 61 22 13
  8 61 23 13
  8 61 24 13
  8 61 25 13
  8 61 26 13
  8 61 27 13
  8 61 28 13
  8 61 29 13
  8 61 30 13
  8 61 31 13
  8 61 32 13
  8 61 33 13
  8 61 34 13
  8 61 35 13
  8 61 36 13
  8 61 37 13
  8 61 38 13
  8 61 39 13
  8 61 40 13
  8 61 41 13
  8 61 42 13
  8 61 43 13
  8 61 44 13
  8 61 45 13
  8 61 46 13
  8 61 47 13
  8 61 48 13
  8 61 49 13
  8 61 50 13
  8 61 51 13
  8 61 52 13
  8 61 53 13
  8 61 54 13
  8 61 55 13
  8 61 56 13
  8 61 57 13
  8 61 58 13
  8 61 59 13
  8 61 60 13
  8 61 61 13
  8 61 62 13
  8 61 63 13
  8 61 64 13
  8 61 65 13
  8 61 66 13
  8 61 67 13
  8 61 68 13
  8 61 69 13
  8 61 70 13
  8 61 71 13
  8 61 72 13
  8 61 73 13
  8 61 74 13
  8 61 75 13
  8 62 6 13
  8 62 7 13
  8 62 8 13
  8 62 9 13
  8 62 10 13
  8 62 11 13
  8 62 12 13
  8 62 13 13
  8 62 14 13
  8 62 15 13
  8 62 16 13
  8 62 17 13
  8 62 18 13
  8 62 19 13
  8 62 20 13
  8 62 21 13
  8 62 22 13
  8 62 23 13
  8 62 24 13
  8 62 25 13
  8 62 26 13
  8 62 27 13
  8 62 28 13
  8 62 29 13
  8 62 30 13
  8 62 31 13
  8 62 32 13
  8 62 33 13
  8 62 34 13
  8 62 35 13
  8 62 36 13
  8 62 37 13
  8 62 38 13
  8 62 39 13
  8 62 40 13
  8 62 41 13
  8 62 42 13
  8 62 43 13
  8 62 44 13
  8 62 45 13
  8 62 46 13
  8 62 47 13
  8 62 48 13
  8 62 49 13
  8 62 50 13
  8 62 51 13
  8 62 52 13
  8 62 53 13
  8 62 54 13
  8 62 55 13
  8 62 56 13
  8 62 57 13
  8 62 58 13
  8 62 59 13
  8 62 60 13
  8 62 61 13
  8 62 62 13
  8 62 63 13
  8 62 64 13
  8 62 65 13
  8 62 66 13
  8 62 67 13
  8 62 68 13
  8 62 69 13
  8 62 70 13
  8 62 71 13
  8 62 72 13
  8 62 73 13
  8 63 5 13
  8 63 6 13
  8 63 7 13
  8 63 8 13
  8 63 9 13
  8 63 10 13
  8 63 11 13
  8 63 12 13
  8 63 13 13
  8 63 14 13
  8 63 15 13
  8 63 16 13
  8 63 17 13
  8 63 18 13
  8 63 19 13
  8 63 20 13
  8 63 21 13
  8 63 22 13
  8 63 23 13
  8 63 24 13
  8 63 25 13
  8 63 26 13
  8 63 27 13
  8 63 28 13
  8 63 29 13
  8 63 30 13
  8 63 31 13
  8 63 32 13
  8 63 33 13
  8 63 34 13
  8 63 35 13
  8 63 36 13
  8 63 37 13
  8 63 38 13
  8 63 39 13
  8 63 40 13
  8 63 41 13
  8 63 42 13
  8 63 43 13
  8 63 44 13
  8 63 45 13
  8 63 46 13
  8 63 47 13
  8 63 48 13
  8 63 49 13
  8 63 50 13
  8 63 51 13
  8 63 52 13
  8 63 53 13
  8 63 54 13
  8 63 55 13
  8 63 56 13
  8 63 57 13
  8 63 58 13
  8 63 59 13
  8 63 60 13
  8 63 61 13
  8 63 62 13
  8 63 63 13
  8 63 64 13
  8 63 65 13
  8 63 66 13
  8 63 67 13
  8 63 68 13
  8 63 69 13
  8 64 5 13
  8 64 6 13
  8 64 7 13
  8 64 8 13
  8 64 9 13
  8 64 10 13
  8 64 11 13
  8 64 12 13
  8 64 13 13
  8 64 14 13
  8 64 15 13
  8 64 16 13
  8 64 17 13
  8 64 18 13
  8 64 19 13
  8 64 20 13
  8 64 21 13
  8 64 22 13
  8 64 23 13
  8 64 24 13
  8 64 25 13
  8 64 26 13
  8 64 27 13
  8 64 28 13
  8 64 29 13
  8 64 30 13
  8 64 31 13
  8 64 32 13
  8 64 33 13
  8 64 34 13
  8 64 35 13
  8 64 36 13
  8 64 37 13
  8 64 38 13
  8 64 39 13
  8 64 40 13
  8 64 41 13
  8 64 42 13
  8 64 43 13
  8 64 44 13
  8 64 45 13
  8 64 46 13
  8 64 47 13
  8 64 48 13
  8 64 49 13
  8 64 50 13
  8 64 51 13
  8 64 52 13
  8 64 53 13
  8 64 54 13
  8 64 55 13
  8 64 56 13
  8 64 57 13
  8 64 58 13
  8 64 59 13
  8 64 60 13
  8 64 61 13
  8 64 62 13
  8 64 63 13
  8 64 64 13
  8 64 65 13
  8 65 4 13
  8 65 5 13
  8 65 6 13
  8 65 7 13
  8 65 8 13
  8 65 9 13
  8 65 10 13
  8 65 11 13
  8 65 12 13
  8 65 13 13
  8 65 14 13
  8 65 15 13
  8 65 16 13
  8 65 17 13
  8 65 18 13
  8 65 19 13
  8 65 20 13
  8 65 21 13
  8 65 22 13
  8 65 23 13
  8 65 24 13
  8 65 25 13
  8 65 26 13
  8 65 27 13
  8 65 28 13
  8 65 29 13
  8 65 30 13
  8 65 31 13
  8 65 32 13
  8 65 33 13
  8 65 34 13
  8 65 35 13
  8 65 36 13
  8 65 37 13
  8 65 38 13
  8 65 39 13
  8 65 40 13
  8 65 41 13
  8 65 42 13
  8 65 43 13
  8 65 44 13
  8 65 45 13
  8 65 46 13
  8 65 47 13
  8 65 48 13
  8 65 49 13
  8 65 50 13
  8 65 51 13
  8 65 52 13
  8 65 53 13
  8 65 54 13
  8 65 55 13
  8 65 56 13
  8 65 57 13
  8 65 58 13
  8 65 59 13
  8 65 60 13
  8 65 61 13
  8 66 4 13
  8 66 5 13
  8 66 6 13
  8 66 7 13
  8 66 8 13
  8 66 9 13
  8 66 10 13
  8 66 11 13
  8 66 12 13
  8 66 13 13
  8 66 14 13
  8 66 15 13
  8 66 16 13
  8 66 17 13
  8 66 18 13
  8 66 19 13
  8 66 20 13
  8 66 21 13
  8 66 22 13
  8 66 23 13
  8 66 24 13
  8 66 25 13
  8 66 26 13
  8 66 27 13
  8 66 28 13
  8 66 29 13
  8 66 30 13
  8 66 31 13
  8 66 32 13
  8 66 33 13
  8 66 34 13
  8 66 35 13
  8 66 36 13
  8 66 37 13
  8 66 38 13
  8 66 39 13
  8 66 40 13
  8 66 41 13
  8 66 42 13
  8 66 43 13
  8 66 44 13
  8 66 45 13
  8 66 46 13
  8 66 47 13
  8 66 48 13
  8 66 49 13
  8 66 50 13
  8 66 51 13
  8 66 52 13
  8 66 53 13
  8 66 54 13
  8 66 55 13
  8 66 56 13
  8 66 57 13
  8 66 58 13
  8 66 59 13
  8 67 3 13
  8 67 4 13
  8 67 5 13
  8 67 6 13
  8 67 7 13
  8 67 8 13
  8 67 9 13
  8 67 10 13
  8 67 11 13
  8 67 12 13
  8 67 13 13
  8 67 14 13
  8 67 15 13
  8 67 16 13
  8 67 17 13
  8 67 18 13
  8 67 19 13
  8 67 20 13
  8 67 21 13
  8 67 22 13
  8 67 23 13
  8 67 24 13
  8 67 25 13
  8 67 26 13
  8 67 27 13
  8 67 28 13
  8 67 29 13
  8 67 30 13
  8 67 31 13
  8 67 32 13
  8 67 33 13
  8 67 34 13
  8 67 35 13
  8 67 36 13
  8 67 37 13
  8 67 38 13
  8 67 39 13
  8 67 40 13
  8 67 41 13
  8 67 42 13
  8 67 43 13
  8 67 44 13
  8 67 45 13
  8 67 46 13
  8 67 47 13
  8 67 48 13
  8 67 49 13
  8 67 50 13
  8 67 51 13
  8 67 52 13
  8 67 53 13
  8 67 54 13
  8 67 55 13
  8 68 3 13
  8 68 4 13
  8 68 5 13
  8 68 6 13
  8 68 7 13
  8 68 8 13
  8 68 9 13
  8 68 10 13
  8 68 11 13
  8 68 12 13
  8 68 13 13
  8 68 14 13
  8 68 15 13
  8 68 16 13
  8 68 17 13
  8 68 18 13
  8 68 19 13
  8 68 20 13
  8 68 21 13
  8 68 22 13
  8 68 23 13
  8 68 24 13
  8 68 25 13
  8 68 26 13
  8 68 27 13
  8 68 28 13
  8 68 29 13
  8 68 30 13
  8 68 31 13
  8 68 32 13
  8 68 33 13
  8 68 34 13
  8 68 35 13
  8 68 36 13
  8 68 37 13
  8 68 38 13
  8 68 39 13
  8 68 40 13
  8 68 41 13
  8 68 42 13
  8 68 43 13
  8 68 44 13
  8 68 45 13
  8 68 46 13
  8 68 47 13
  8 68 48 13
  8 68 49 13
  8 68 50 13
  8 68 51 13
  8 69 3 13
  8 69 4 13
  8 69 5 13
  8 69 6 13
  8 69 7 13
  8 69 8 13
  8 69 9 13
  8 69 10 13
  8 69 11 13
  8 69 12 13
  8 69 13 13
  8 69 14 13
  8 69 15 13
  8 69 16 13
  8 69 17 13
  8 69 18 13
  8 69 19 13
  8 69 20 13
  8 69 21 13
  8 69 22 13
  8 69 23 13
  8 69 24 13
  8 69 25 13
  8 69 26 13
  8 69 27 13
  8 69 28 13
  8 69 29 13
  8 69 30 13
  8 69 31 13
  8 69 32 13
  8 69 33 13
  8 69 34 13
  8 69 35 13
  8 69 36 13
  8 69 37 13
  8 69 38 13
  8 69 39 13
  8 69 40 13
  8 69 41 13
  8 69 42 13
  8 69 43 13
  8 69 44 13
  8 69 45 13
  8 69 46 13
  8 69 47 13
  8 69 48 13
  8 69 49 13
  8 69 50 13
  8 70 3 13
  8 70 4 13
  8 70 5 13
  8 70 6 13
  8 70 7 13
  8 70 8 13
  8 70 9 13
  8 70 10 13
  8 70 11 13
  8 70 12 13
  8 70 13 13
  8 70 14 13
  8 70 15 13
  8 70 16 13
  8 70 17 13
  8 70 18 13
  8 70 19 13
  8 70 20 13
  8 70 21 13
  8 70 22 13
  8 70 23 13
  8 70 24 13
  8 70 25 13
  8 70 26 13
  8 70 27 13
  8 70 28 13
  8 70 29 13
  8 70 30 13
  8 70 31 13
  8 70 32 13
  8 70 33 13
  8 70 34 13
  8 70 35 13
  8 70 36 13
  8 70 37 13
  8 70 38 13
  8 70 39 13
  8 70 40 13
  8 70 41 13
  8 70 42 13
  8 70 43 13
  8 70 44 13
  8 70 45 13
  8 70 46 13
  8 70 47 13
  8 70 48 13
  8 71 3 13
  8 71 4 13
  8 71 5 13
  8 71 6 13
  8 71 7 13
  8 71 8 13
  8 71 9 13
  8 71 10 13
  8 71 11 13
  8 71 12 13
  8 71 13 13
  8 71 14 13
  8 71 15 13
  8 71 16 13
  8 71 17 13
  8 71 18 13
  8 71 19 13
  8 71 20 13
  8 71 21 13
  8 71 22 13
  8 71 23 13
  8 71 24 13
  8 71 25 13
  8 71 26 13
  8 71 27 13
  8 71 28 13
  8 71 29 13
  8 71 30 13
  8 71 31 13
  8 71 32 13
  8 71 33 13
  8 71 34 13
  8 71 35 13
  8 71 36 13
  8 71 37 13
  8 71 38 13
  8 71 39 13
  8 71 40 13
  8 71 41 13
  8 71 42 13
  8 71 43 13
  8 71 44 13
  8 71 45 13
  8 71 46 13
  8 72 3 13
  8 72 4 13
  8 72 5 13
  8 72 6 13
  8 72 7 13
  8 72 8 13
  8 72 9 13
  8 72 10 13
  8 72 11 13
  8 72 12 13
  8 72 13 13
  8 72 14 13
  8 72 15 13
  8 72 16 13
  8 72 17 13
  8 72 18 13
  8 72 19 13
  8 72 20 13
  8 72 21 13
  8 72 22 13
  8 72 23 13
  8 72 24 13
  8 72 25 13
  8 72 26 13
  8 72 27 13
  8 72 28 13
  8 72 29 13
  8 72 30 13
  8 72 31 13
  8 72 32 13
  8 72 33 13
  8 72 34 13
  8 72 35 13
  8 72 36 13
  8 72 37 13
  8 72 38 13
  8 72 39 13
  8 72 40 13
  8 72 41 13
  8 72 42 13
  8 72 43 13
  8 72 44 13
  8 72 45 13
  8 73 3 13
  8 73 4 13
  8 73 5 13
  8 73 6 13
  8 73 7 13
  8 73 8 13
  8 73 9 13
  8 73 10 13
  8 73 11 13
  8 73 12 13
  8 73 13 13
  8 73 14 13
  8 73 15 13
  8 73 16 13
  8 73 17 13
  8 73 18 13
  8 73 19 13
  8 73 20 13
  8 73 21 13
  8 73 22 13
  8 73 23 13
  8 73 24 13
  8 73 25 13
  8 73 26 13
  8 73 27 13
  8 73 28 13
  8 73 29 13
  8 73 30 13
  8 73 31 13
  8 73 32 13
  8 73 33 13
  8 73 34 13
  8 73 35 13
  8 73 36 13
  8 73 37 13
  8 73 38 13
  8 73 39 13
  8 73 40 13
  8 73 41 13
  8 73 42 13
  8 73 43 13
  8 74 3 13
  8 74 4 13
  8 74 5 13
  8 74 6 13
  8 74 7 13
  8 74 8 13
  8 74 9 13
  8 74 10 13
  8 74 11 13
  8 74 12 13
  8 74 13 13
  8 74 14 13
  8 74 15 13
  8 74 16 13
  8 74 17 13
  8 74 18 13
  8 74 19 13
  8 74 20 13
  8 74 21 13
  8 74 22 13
  8 74 23 13
  8 74 24 13
  8 74 25 13
  8 74 26 13
  8 74 27 13
  8 74 28 13
  8 74 29 13
  8 74 30 13
  8 74 31 13
  8 74 32 13
  8 74 33 13
  8 74 34 13
  8 74 35 13
  8 74 36 13
  8 74 37 13
  8 74 38 13
  8 74 39 13
  8 74 40 13
  8 74 41 13
  8 75 3 13
  8 75 4 13
  8 75 5 13
  8 75 6 13
  8 75 7 13
  8 75 8 13
  8 75 9 13
  8 75 10 13
  8 75 11 13
  8 75 12 13
  8 75 13 13
  8 75 14 13
  8 75 15 13
  8 75 16 13
  8 75 17 13
  8 75 18 13
  8 75 19 13
  8 75 20 13
  8 75 21 13
  8 75 22 13
  8 75 23 13
  8 75 24 13
  8 75 25 13
  8 75 26 13
  8 75 27 13
  8 75 28 13
  8 75 29 13
  8 75 30 13
  8 75 31 13
  8 75 32 13
  8 75 33 13
  8 75 34 13
  8 75 35 13
  8 75 36 13
  8 75 37 13
  8 75 38 13
  8 75 39 13
  8 76 3 13
  8 76 4 13
  8 76 5 13
  8 76 6 13
  8 76 7 13
  8 76 8 13
  8 76 9 13
  8 76 10 13
  8 76 11 13
  8 76 12 13
  8 76 13 13
  8 76 14 13
  8 76 15 13
  8 76 16 13
  8 76 17 13
  8 76 18 13
  8 76 19 13
  8 76 20 13
  8 76 21 13
  8 76 22 13
  8 76 23 13
  8 76 24 13
  8 76 25 13
  8 76 26 13
  8 76 27 13
  8 76 28 13
  8 76 29 13
  8 76 30 13
  8 76 31 13
  8 76 32 13
  8 76 33 13
  8 76 34 13
  8 76 35 13
  8 76 36 13
  8 76 37 13
  8 76 38 13
  8 77 3 13
  8 77 4 13
  8 77 5 13
  8 77 6 13
  8 77 7 13
  8 77 8 13
  8 77 9 13
  8 77 10 13
  8 77 11 13
  8 77 12 13
  8 77 13 13
  8 77 14 13
  8 77 15 13
  8 77 16 13
  8 77 17 13
  8 77 18 13
  8 77 19 13
  8 77 20 13
  8 77 21 13
  8 77 22 13
  8 77 23 13
  8 77 24 13
  8 77 25 13
  8 77 26 13
  8 77 27 13
  8 77 28 13
  8 77 29 13
  8 77 30 13
  8 77 31 13
  8 77 32 13
  8 77 33 13
  8 77 34 13
  8 77 35 13
  8 77 36 13
  8 78 3 13
  8 78 4 13
  8 78 5 13
  8 78 6 13
  8 78 7 13
  8 78 8 13
  8 78 9 13
  8 78 10 13
  8 78 11 13
  8 78 12 13
  8 78 13 13
  8 78 14 13
  8 78 15 13
  8 78 16 13
  8 78 17 13
  8 78 18 13
  8 78 19 13
  8 78 20 13
  8 78 21 13
  8 78 22 13
  8 78 23 13
  8 78 24 13
  8 78 25 13
  8 78 26 13
  8 78 27 13
  8 78 28 13
  8 78 29 13
  8 78 30 13
  8 78 31 13
  8 78 32 13
  8 78 33 13
  8 78 34 13
  8 78 35 13
  8 79 3 13
  8 79 4 13
  8 79 5 13
  8 79 6 13
  8 79 7 13
  8 79 8 13
  8 79 9 13
  8 79 10 13
  8 79 11 13
  8 79 12 13
  8 79 13 13
  8 79 14 13
  8 79 15 13
  8 79 16 13
  8 79 17 13
  8 79 18 13
  8 79 19 13
  8 79 20 13
  8 79 21 13
  8 79 22 13
  8 79 23 13
  8 79 24 13
  8 79 25 13
  8 79 26 13
  8 79 27 13
  8 79 28 13
  8 79 29 13
  8 79 30 13
  8 79 31 13
  8 79 32 13
  8 80 2 13
  8 80 3 13
  8 80 4 13
  8 80 5 13
  8 80 6 13
  8 80 7 13
  8 80 8 13
  8 80 9 13
  8 80 10 13
  8 80 11 13
  8 80 12 13
  8 80 13 13
  8 80 14 13
  8 80 15 13
  8 80 16 13
  8 80 17 13
  8 80 18 13
  8 80 19 13
  8 80 20 13
  8 80 21 13
  8 80 22 13
  8 80 23 13
  8 80 24 13
  8 80 25 13
  8 80 26 13
  8 80 27 13
  8 80 28 13
  8 80 29 13
  8 81 2 13
  8 81 3 13
  8 81 4 13
  8 81 5 13
  8 81 6 13
  8 81 7 13
  8 81 8 13
  8 81 9 13
  8 81 10 13
  8 81 11 13
  8 81 12 13
  8 81 13 13
  8 81 14 13
  8 81 15 13
  8 81 16 13
  8 81 17 13
  8 81 18 13
  8 81 19 13
  8 81 20 13
  8 81 21 13
  8 81 22 13
  8 81 23 13
  8 81 24 13
  8 81 25 13
  8 81 26 13
  8 81 27 13
  8 82 2 13
  8 82 3 13
  8 82 4 13
  8 82 5 13
  8 82 6 13
  8 82 7 13
  8 82 8 13
  8 82 9 13
  8 82 10 13
  8 82 11 13
  8 82 12 13
  8 82 13 13
  8 82 14 13
  8 82 15 13
  8 82 16 13
  8 82 17 13
  8 82 18 13
  8 82 19 13
  8 82 20 13
  8 82 21 13
  8 82 22 13
  8 82 23 13
  8 82 24 13
  8 82 25 13
  8 83 2 13
  8 83 3 13
  8 83 4 13
  8 83 5 13
  8 83 6 13
  8 83 7 13
  8 83 8 13
  8 83 9 13
  8 83 10 13
  8 83 11 13
  8 83 12 13
  8 83 13 13
  8 83 14 13
  8 83 15 13
  8 83 16 13
  8 83 17 13
  8 83 18 13
  8 83 19 13
  8 83 20 13
  8 83 21 13
  8 83 22 13
  8 83 23 13
  8 83 24 13
  8 84 2 13
  8 84 3 13
  8 84 4 13
  8 84 5 13
  8 84 6 13
  8 84 7 13
  8 84 8 13
  8 84 9 13
  8 84 10 13
  8 84 11 13
  8 84 12 13
  8 84 13 13
  8 84 14 13
  8 84 15 13
  8 84 16 13
  8 84 17 13
  8 84 18 13
  8 84 19 13
  8 84 20 13
  8 84 21 13
  8 84 22 13
  8 85 2 13
  8 85 3 13
  8 85 4 13
  8 85 5 13
  8 85 6 13
  8 85 7 13
  8 85 8 13
  8 85 9 13
  8 85 10 13
  8 85 11 13
  8 85 12 13
  8 85 13 13
  8 85 14 13
  8 85 15 13
  8 85 16 13
  8 85 17 13
  8 85 18 13
  8 85 19 13
  8 85 20 13
  8 86 2 13
  8 86 3 13
  8 86 4 13
  8 86 5 13
  8 86 6 13
  8 86 7 13
  8 86 8 13
  8 86 9 13
  8 86 10 13
  8 86 11 13
  8 86 12 13
  8 86 13 13
  8 86 14 13
  8 86 15 13
  8 86 16 13
  8 86 17 13
  8 87 2 13
  8 87 3 13
  8 87 4 13
  8 87 5 13
  8 87 6 13
  8 87 7 13
  8 87 8 13
  8 87 9 13
  8 87 10 13
  8 87 11 13
  8 87 12 13
  8 87 13 13
  8 87 14 13
  8 88 2 13
  8 88 3 13
  8 88 4 13
  8 88 5 13
  8 88 6 13
  8 88 7 13
  8 88 8 13
  8 88 9 13
  8 88 10 13
  8 88 11 13
  8 89 2 13
  8 89 3 13
  8 89 4 13
  8 89 5 13
  8 89 6 13
  8 89 7 13
  8 89 8 13
  8 89 9 13
  8 89 10 13
  8 90 2 13
  8 90 3 13
  8 90 4 13
  8 90 5 13
  8 90 6 13
  8 90 7 13
  8 90 8 13
  8 91 2 13
  8 91 3 13
  8 91 4 13
  8 91 5 13
  8 91 6 13
  8 92 2 13
  8 92 3 13
  8 92 4 13
  8 92 5 13
  8 93 2 13
  8 93 3 13
