  0 40 107 6.51700000E+00
  0 41 107 6.57900000E+00
  0 42 106 6.55100000E+00
  0 43 106 6.62800000E+00
  0 44 106 8.12500000E+00
  0 45 105 6.78600000E+00
  0 46 105 8.36800000E+00
  0 47 104 6.78300000E+00
  0 48 104 8.34800000E+00
  0 49 103 6.72200000E+00
  0 50 103 7.58000000E+00
  0 51 102 6.78900000E+00
  0 52 102 6.82200000E+00
  0 53 101 6.68100000E+00
  0 54 101 6.83600000E+00
  0 55 100 6.91300000E+00
  0 56 100 6.91000000E+00
  0 57 100 7.10900000E+00
  0 58 99 6.95300000E+00
  0 59 99 6.93900000E+00
  0 60 99 7.23600000E+00
  0 61 99 8.20000000E+00
  0 62 98 7.35200000E+00
  0 63 98 7.43600000E+00
  0 64 98 7.59200000E+00
  0 65 97 9.92100000E+00
  0 66 97 8.98100000E+00
  0 67 97 9.05400000E+00
  0 68 97 1.01080000E+01
  0 69 98 7.72700000E+00
  0 70 98 7.60800000E+00
  0 71 98 7.76900000E+00
  0 72 98 8.17800000E+00
  0 73 98 8.11300000E+00
  0 74 98 7.98800000E+00
  0 75 98 8.27900000E+00
  0 76 99 7.68600000E+00
  0 77 99 7.66200000E+00
  0 78 99 7.79000000E+00
  0 79 99 8.91400000E+00
  0 80 99 9.27400000E+00
  0 81 100 7.95300000E+00
  0 82 100 8.00800000E+00
  0 83 100 7.96800000E+00
  0 84 100 8.93500000E+00
  0 85 100 9.89900000E+00
  0 86 101 8.13900000E+00
  0 87 101 8.10200000E+00
  0 88 101 8.14300000E+00
  0 89 101 8.11500000E+00
  0 90 101 8.13000000E+00
  0 91 101 8.08300000E+00
  0 92 101 9.97000000E+00
  0 93 101 1.06620000E+01
  0 94 101 1.02090000E+01
  0 95 101 9.80700000E+00
  0 96 101 1.00530000E+01
  0 97 102 8.09200000E+00
  0 98 102 8.15100000E+00
  0 99 102 8.11200000E+00
  0 100 102 8.13000000E+00
  0 101 102 8.11100000E+00
  0 102 102 8.27800000E+00
  0 103 102 8.47700000E+00
  0 104 102 8.24100000E+00
  0 105 102 8.17600000E+00
  0 106 102 8.15500000E+00
  0 107 102 8.11200000E+00
  0 108 102 8.17200000E+00
  0 109 102 8.15600000E+00
  0 110 101 8.14000000E+00
  0 111 101 8.16800000E+00
  0 112 101 8.18900000E+00
  0 113 101 8.69500000E+00
  0 114 101 9.99000000E+00
  0 115 100 8.18100000E+00
  0 116 100 8.17500000E+00
  0 117 100 8.20000000E+00
  0 118 100 8.17800000E+00
  0 119 100 8.18000000E+00
  0 120 99 8.23200000E+00
