  0 39 116 2
  0 39 117 2
  0 39 118 2
  0 39 119 2
  0 39 120 2
  0 39 121 2
  0 39 122 2
  0 39 123 2
  0 40 124 2
  0 40 125 2
  0 40 126 2
  0 41 127 2
  0 41 128 2
  0 41 129 2
  0 42 130 2
  0 42 131 2
  0 43 132 2
  0 43 133 2
  0 43 134 2
  0 44 135 2
  0 44 136 2
  0 44 137 2
  0 45 138 2
  0 45 139 2
  0 45 140 2
  0 46 141 2
  0 46 142 2
  0 46 143 2
  0 47 144 2
  0 47 145 2
  0 47 146 2
  0 48 147 2
  0 82 68 2
  0 82 69 2
  0 82 70 2
  0 82 71 2
  0 82 72 2
  0 82 73 2
  0 83 54 2
  0 83 55 2
  0 83 56 2
  0 83 57 2
  0 83 58 2
  0 83 59 2
  0 83 60 2
  0 83 61 2
  0 83 62 2
  0 83 63 2
  0 83 64 2
  0 83 65 2
  0 83 66 2
  0 83 67 2
  0 83 74 2
  0 83 75 2
  0 84 49 2
  0 84 50 2
  0 84 51 2
  0 84 52 2
  0 84 53 2
  0 84 76 2
  0 84 77 2
  0 85 43 2
  0 85 44 2
  0 85 45 2
  0 85 46 2
  0 85 47 2
  0 85 48 2
  0 85 78 2
  0 85 79 2
  0 86 37 2
  0 86 38 2
  0 86 39 2
  0 86 40 2
  0 86 41 2
  0 86 42 2
  0 86 80 2
  0 87 35 2
  0 87 36 2
  0 87 81 2
  0 87 82 2
  0 88 33 2
  0 88 34 2
  0 88 83 2
  0 88 84 2
  0 89 31 2
  0 89 32 2
  0 89 85 2
  0 90 30 2
  0 90 85 2
  0 91 28 2
  0 91 29 2
  0 91 86 2
  0 92 26 2
  0 92 27 2
  0 92 87 2
  0 93 25 2
  0 93 88 2
  0 94 23 2
  0 94 24 2
  0 94 89 2
  0 95 21 2
  0 95 22 2
  0 95 89 2
  0 96 19 2
  0 96 20 2
  0 96 90 2
  0 97 18 2
  0 97 91 2
  0 98 16 2
  0 98 17 2
  0 98 92 2
  0 99 14 2
  0 99 15 2
  0 99 93 2
  0 100 13 2
  0 100 93 2
  0 101 11 2
  0 101 12 2
  0 101 94 2
  0 102 9 2
  0 102 10 2
  0 102 94 2
  0 103 7 2
  0 103 8 2
  0 103 95 2
  0 104 6 2
  0 104 95 2
  0 105 4 2
  0 105 5 2
  0 105 95 2
  0 106 2 2
  0 106 3 2
  0 106 95 2
  0 107 0 2
  0 107 1 2
  0 107 95 2
  0 108 95 2
  0 109 95 2
  0 110 95 2
  0 111 95 2
  0 112 95 2
  0 113 95 2
  0 114 95 2
  0 115 95 2
  0 116 96 2
  0 117 96 2
  0 118 96 2
  0 119 96 2
  0 120 96 2
  0 120 97 2
  0 120 98 2
  1 39 116 2
  1 39 117 2
  1 39 118 2
  1 39 119 2
  1 39 120 2
  1 39 121 2
  1 39 122 2
  1 39 123 2
  1 40 124 2
  1 40 125 2
  1 40 126 2
  1 41 127 2
  1 41 128 2
  1 41 129 2
  1 42 130 2
  1 42 131 2
  1 43 132 2
  1 43 133 2
  1 43 134 2
  1 44 106 2
  1 44 135 2
  1 44 136 2
  1 44 137 2
  1 45 105 2
  1 45 138 2
  1 45 139 2
  1 45 140 2
  1 46 105 2
  1 46 141 2
  1 46 142 2
  1 46 143 2
  1 47 104 2
  1 47 144 2
  1 47 145 2
  1 47 146 2
  1 48 104 2
  1 48 147 2
  1 49 103 2
  1 50 103 2
  1 51 102 2
  1 52 102 2
  1 53 101 2
  1 54 101 2
  1 55 100 2
  1 56 100 2
  1 57 100 2
  1 58 99 2
  1 59 99 2
  1 60 99 2
  1 61 99 2
  1 62 98 2
  1 63 98 2
  1 64 98 2
  1 65 97 2
  1 66 97 2
  1 67 97 2
  1 68 97 2
  1 69 98 2
  1 70 98 2
  1 71 98 2
  1 72 98 2
  1 76 99 2
  1 82 68 2
  1 82 69 2
  1 82 70 2
  1 82 71 2
  1 82 72 2
  1 82 73 2
  1 83 54 2
  1 83 55 2
  1 83 56 2
  1 83 57 2
  1 83 58 2
  1 83 59 2
  1 83 60 2
  1 83 61 2
  1 83 62 2
  1 83 63 2
  1 83 64 2
  1 83 65 2
  1 83 66 2
  1 83 67 2
  1 83 74 2
  1 83 75 2
  1 84 49 2
  1 84 50 2
  1 84 51 2
  1 84 52 2
  1 84 53 2
  1 84 76 2
  1 84 77 2
  1 85 43 2
  1 85 44 2
  1 85 45 2
  1 85 46 2
  1 85 47 2
  1 85 48 2
  1 85 78 2
  1 85 79 2
  1 86 37 2
  1 86 38 2
  1 86 39 2
  1 86 40 2
  1 86 41 2
  1 86 42 2
  1 86 80 2
  1 87 35 2
  1 87 36 2
  1 87 81 2
  1 87 82 2
  1 88 33 2
  1 88 34 2
  1 88 83 2
  1 88 84 2
  1 89 31 2
  1 89 32 2
  1 89 85 2
  1 90 30 2
  1 90 85 2
  1 91 28 2
  1 91 29 2
  1 91 86 2
  1 92 26 2
  1 92 27 2
  1 92 87 2
  1 93 25 2
  1 93 88 2
  1 94 23 2
  1 94 24 2
  1 94 89 2
  1 95 21 2
  1 95 22 2
  1 95 89 2
  1 96 19 2
  1 96 20 2
  1 96 90 2
  1 97 18 2
  1 97 91 2
  1 98 16 2
  1 98 17 2
  1 98 92 2
  1 99 14 2
  1 99 15 2
  1 99 93 2
  1 100 13 2
  1 100 93 2
  1 101 11 2
  1 101 12 2
  1 101 94 2
  1 102 9 2
  1 102 10 2
  1 102 94 2
  1 103 7 2
  1 103 8 2
  1 103 95 2
  1 104 6 2
  1 104 95 2
  1 105 4 2
  1 105 5 2
  1 105 95 2
  1 106 2 2
  1 106 3 2
  1 106 95 2
  1 107 0 2
  1 107 1 2
  1 107 95 2
  1 108 95 2
  1 109 95 2
  1 110 95 2
  1 111 95 2
  1 112 95 2
  1 113 95 2
  1 114 95 2
  1 115 95 2
  1 116 96 2
  1 117 96 2
  1 118 96 2
  1 119 96 2
  1 120 96 2
  1 120 97 2
  1 120 98 2
  1 120 99 2
  2 39 116 2
  2 39 117 2
  2 39 118 2
  2 39 119 2
  2 39 120 2
  2 39 121 2
  2 39 122 2
  2 39 123 2
  2 40 124 2
  2 40 125 2
  2 40 126 2
  2 41 127 2
  2 41 128 2
  2 41 129 2
  2 42 130 2
  2 42 131 2
  2 43 132 2
  2 43 133 2
  2 43 134 2
  2 44 106 2
  2 44 135 2
  2 44 136 2
  2 44 137 2
  2 45 105 2
  2 45 138 2
  2 45 139 2
  2 45 140 2
  2 46 105 2
  2 46 141 2
  2 46 142 2
  2 46 143 2
  2 47 104 2
  2 47 144 2
  2 47 145 2
  2 47 146 2
  2 48 104 2
  2 48 147 2
  2 49 103 2
  2 50 103 2
  2 51 102 2
  2 52 102 2
  2 53 101 2
  2 54 101 2
  2 55 100 2
  2 56 100 2
  2 57 100 2
  2 58 99 2
  2 59 99 2
  2 60 99 2
  2 61 99 2
  2 62 98 2
  2 63 98 2
  2 64 98 2
  2 65 97 2
  2 66 97 2
  2 67 97 2
  2 68 97 2
  2 69 98 2
  2 70 98 2
  2 71 98 2
  2 72 98 2
  2 76 99 2
  2 82 68 2
  2 82 69 2
  2 82 70 2
  2 82 71 2
  2 82 72 2
  2 82 73 2
  2 83 54 2
  2 83 55 2
  2 83 56 2
  2 83 57 2
  2 83 58 2
  2 83 59 2
  2 83 60 2
  2 83 61 2
  2 83 62 2
  2 83 63 2
  2 83 64 2
  2 83 65 2
  2 83 66 2
  2 83 67 2
  2 83 74 2
  2 83 75 2
  2 84 49 2
  2 84 50 2
  2 84 51 2
  2 84 52 2
  2 84 53 2
  2 84 76 2
  2 84 77 2
  2 85 43 2
  2 85 44 2
  2 85 45 2
  2 85 46 2
  2 85 47 2
  2 85 48 2
  2 85 78 2
  2 85 79 2
  2 86 37 2
  2 86 38 2
  2 86 39 2
  2 86 40 2
  2 86 41 2
  2 86 42 2
  2 86 80 2
  2 87 35 2
  2 87 36 2
  2 87 81 2
  2 87 82 2
  2 88 33 2
  2 88 34 2
  2 88 83 2
  2 88 84 2
  2 89 31 2
  2 89 32 2
  2 89 85 2
  2 90 30 2
  2 90 85 2
  2 91 28 2
  2 91 29 2
  2 91 86 2
  2 92 26 2
  2 92 27 2
  2 92 87 2
  2 93 25 2
  2 93 88 2
  2 94 23 2
  2 94 24 2
  2 94 89 2
  2 95 21 2
  2 95 22 2
  2 95 89 2
  2 96 19 2
  2 96 20 2
  2 96 90 2
  2 97 18 2
  2 97 91 2
  2 98 16 2
  2 98 17 2
  2 98 92 2
  2 99 14 2
  2 99 15 2
  2 99 93 2
  2 100 13 2
  2 100 93 2
  2 101 11 2
  2 101 12 2
  2 101 94 2
  2 102 9 2
  2 102 10 2
  2 102 94 2
  2 103 7 2
  2 103 8 2
  2 103 95 2
  2 104 6 2
  2 104 95 2
  2 105 4 2
  2 105 5 2
  2 105 95 2
  2 106 2 2
  2 106 3 2
  2 106 95 2
  2 107 0 2
  2 107 1 2
  2 107 95 2
  2 108 95 2
  2 109 95 2
  2 110 95 2
  2 111 95 2
  2 112 95 2
  2 113 95 2
  2 114 95 2
  2 115 95 2
  2 116 96 2
  2 117 96 2
  2 118 96 2
  2 119 96 2
  2 120 96 2
  2 120 97 2
  2 120 98 2
  2 120 99 2
  3 39 116 2
  3 39 117 2
  3 39 118 2
  3 39 119 2
  3 39 120 2
  3 39 121 2
  3 39 122 2
  3 39 123 2
  3 40 124 2
  3 40 125 2
  3 40 126 2
  3 41 127 2
  3 41 128 2
  3 41 129 2
  3 42 130 2
  3 42 131 2
  3 43 132 2
  3 43 133 2
  3 43 134 2
  3 44 106 2
  3 44 135 2
  3 44 136 2
  3 44 137 2
  3 45 105 2
  3 45 138 2
  3 45 139 2
  3 45 140 2
  3 46 105 2
  3 46 141 2
  3 46 142 2
  3 46 143 2
  3 47 104 2
  3 47 144 2
  3 47 145 2
  3 47 146 2
  3 48 104 2
  3 48 147 2
  3 49 103 2
  3 50 103 2
  3 51 102 2
  3 52 102 2
  3 53 101 2
  3 54 101 2
  3 55 100 2
  3 56 100 2
  3 57 100 2
  3 58 99 2
  3 59 99 2
  3 60 99 2
  3 61 99 2
  3 62 98 2
  3 63 98 2
  3 64 98 2
  3 65 97 2
  3 66 97 2
  3 67 97 2
  3 68 97 2
  3 69 98 2
  3 70 98 2
  3 71 98 2
  3 72 98 2
  3 76 99 2
  3 82 68 2
  3 82 69 2
  3 82 70 2
  3 82 71 2
  3 82 72 2
  3 82 73 2
  3 83 54 2
  3 83 55 2
  3 83 56 2
  3 83 57 2
  3 83 58 2
  3 83 59 2
  3 83 60 2
  3 83 61 2
  3 83 62 2
  3 83 63 2
  3 83 64 2
  3 83 65 2
  3 83 66 2
  3 83 67 2
  3 83 74 2
  3 83 75 2
  3 84 49 2
  3 84 50 2
  3 84 51 2
  3 84 52 2
  3 84 53 2
  3 84 76 2
  3 84 77 2
  3 85 43 2
  3 85 44 2
  3 85 45 2
  3 85 46 2
  3 85 47 2
  3 85 48 2
  3 85 78 2
  3 85 79 2
  3 86 37 2
  3 86 38 2
  3 86 39 2
  3 86 40 2
  3 86 41 2
  3 86 42 2
  3 86 80 2
  3 87 35 2
  3 87 36 2
  3 87 81 2
  3 87 82 2
  3 88 33 2
  3 88 34 2
  3 88 83 2
  3 88 84 2
  3 89 31 2
  3 89 32 2
  3 89 85 2
  3 90 30 2
  3 90 85 2
  3 91 28 2
  3 91 29 2
  3 91 86 2
  3 92 26 2
  3 92 27 2
  3 92 87 2
  3 93 25 2
  3 93 88 2
  3 94 23 2
  3 94 24 2
  3 94 89 2
  3 95 21 2
  3 95 22 2
  3 95 89 2
  3 96 19 2
  3 96 20 2
  3 96 90 2
  3 97 18 2
  3 97 91 2
  3 98 16 2
  3 98 17 2
  3 98 92 2
  3 99 14 2
  3 99 15 2
  3 99 93 2
  3 100 13 2
  3 100 93 2
  3 101 11 2
  3 101 12 2
  3 101 94 2
  3 102 9 2
  3 102 10 2
  3 102 94 2
  3 103 7 2
  3 103 8 2
  3 103 95 2
  3 104 6 2
  3 104 95 2
  3 105 4 2
  3 105 5 2
  3 105 95 2
  3 106 2 2
  3 106 3 2
  3 106 95 2
  3 107 0 2
  3 107 1 2
  3 107 95 2
  3 108 95 2
  3 109 95 2
  3 110 95 2
  3 111 95 2
  3 112 95 2
  3 113 95 2
  3 114 95 2
  3 115 95 2
  3 116 96 2
  3 117 96 2
  3 118 96 2
  3 119 96 2
  3 120 96 2
  3 120 97 2
  3 120 98 2
  3 120 99 2
  4 39 116 2
  4 39 117 2
  4 39 118 2
  4 39 119 2
  4 39 120 2
  4 39 121 2
  4 39 122 2
  4 39 123 2
  4 40 124 2
  4 40 125 2
  4 40 126 2
  4 41 127 2
  4 41 128 2
  4 41 129 2
  4 42 130 2
  4 42 131 2
  4 43 132 2
  4 43 133 2
  4 43 134 2
  4 44 106 2
  4 44 135 2
  4 44 136 2
  4 44 137 2
  4 45 105 2
  4 45 138 2
  4 45 139 2
  4 45 140 2
  4 46 105 2
  4 46 141 2
  4 46 142 2
  4 46 143 2
  4 47 104 2
  4 47 144 2
  4 47 145 2
  4 47 146 2
  4 48 104 2
  4 48 147 2
  4 49 103 2
  4 50 103 2
  4 51 102 2
  4 52 102 2
  4 53 101 2
  4 54 101 2
  4 55 100 2
  4 56 100 2
  4 57 100 2
  4 58 99 2
  4 59 99 2
  4 60 99 2
  4 61 99 2
  4 62 98 2
  4 63 98 2
  4 64 98 2
  4 65 97 2
  4 66 97 2
  4 67 97 2
  4 68 97 2
  4 69 98 2
  4 70 98 2
  4 71 98 2
  4 72 98 2
  4 76 99 2
  4 82 68 2
  4 82 69 2
  4 82 70 2
  4 82 71 2
  4 82 72 2
  4 82 73 2
  4 83 54 2
  4 83 55 2
  4 83 56 2
  4 83 57 2
  4 83 58 2
  4 83 59 2
  4 83 60 2
  4 83 61 2
  4 83 62 2
  4 83 63 2
  4 83 64 2
  4 83 65 2
  4 83 66 2
  4 83 67 2
  4 83 74 2
  4 83 75 2
  4 84 49 2
  4 84 50 2
  4 84 51 2
  4 84 52 2
  4 84 53 2
  4 84 76 2
  4 84 77 2
  4 85 43 2
  4 85 44 2
  4 85 45 2
  4 85 46 2
  4 85 47 2
  4 85 48 2
  4 85 78 2
  4 85 79 2
  4 86 37 2
  4 86 38 2
  4 86 39 2
  4 86 40 2
  4 86 41 2
  4 86 42 2
  4 86 80 2
  4 87 35 2
  4 87 36 2
  4 87 81 2
  4 87 82 2
  4 88 33 2
  4 88 34 2
  4 88 83 2
  4 88 84 2
  4 89 31 2
  4 89 32 2
  4 89 85 2
  4 90 30 2
  4 90 85 2
  4 91 28 2
  4 91 29 2
  4 91 86 2
  4 92 26 2
  4 92 27 2
  4 92 87 2
  4 93 25 2
  4 93 88 2
  4 94 23 2
  4 94 24 2
  4 94 89 2
  4 95 21 2
  4 95 22 2
  4 95 89 2
  4 96 19 2
  4 96 20 2
  4 96 90 2
  4 97 18 2
  4 97 91 2
  4 98 16 2
  4 98 17 2
  4 98 92 2
  4 99 14 2
  4 99 15 2
  4 99 93 2
  4 100 13 2
  4 100 93 2
  4 101 11 2
  4 101 12 2
  4 101 94 2
  4 102 9 2
  4 102 10 2
  4 102 94 2
  4 103 7 2
  4 103 8 2
  4 103 95 2
  4 104 6 2
  4 104 95 2
  4 105 4 2
  4 105 5 2
  4 105 95 2
  4 106 2 2
  4 106 3 2
  4 106 95 2
  4 107 0 2
  4 107 1 2
  4 107 95 2
  4 108 95 2
  4 109 95 2
  4 110 95 2
  4 111 95 2
  4 112 95 2
  4 113 95 2
  4 114 95 2
  4 115 95 2
  4 116 96 2
  4 117 96 2
  4 118 96 2
  4 119 96 2
  4 120 96 2
  4 120 97 2
  4 120 98 2
  4 120 99 2
  5 39 116 2
  5 39 117 2
  5 39 118 2
  5 39 119 2
  5 39 120 2
  5 39 121 2
  5 39 122 2
  5 39 123 2
  5 40 124 2
  5 40 125 2
  5 40 126 2
  5 41 127 2
  5 41 128 2
  5 41 129 2
  5 42 130 2
  5 42 131 2
  5 43 132 2
  5 43 133 2
  5 43 134 2
  5 44 106 2
  5 44 135 2
  5 44 136 2
  5 44 137 2
  5 45 105 2
  5 45 138 2
  5 45 139 2
  5 45 140 2
  5 46 105 2
  5 46 141 2
  5 46 142 2
  5 46 143 2
  5 47 104 2
  5 47 144 2
  5 47 145 2
  5 47 146 2
  5 48 104 2
  5 48 147 2
  5 49 103 2
  5 50 103 2
  5 51 102 2
  5 52 102 2
  5 53 101 2
  5 54 101 2
  5 55 100 2
  5 56 100 2
  5 57 100 2
  5 58 99 2
  5 59 99 2
  5 60 99 2
  5 61 99 2
  5 62 98 2
  5 63 98 2
  5 64 98 2
  5 65 97 2
  5 66 97 2
  5 67 97 2
  5 68 97 2
  5 69 98 2
  5 70 98 2
  5 71 98 2
  5 72 98 2
  5 76 99 2
  5 82 68 2
  5 82 69 2
  5 82 70 2
  5 82 71 2
  5 82 72 2
  5 82 73 2
  5 83 54 2
  5 83 55 2
  5 83 56 2
  5 83 57 2
  5 83 58 2
  5 83 59 2
  5 83 60 2
  5 83 61 2
  5 83 62 2
  5 83 63 2
  5 83 64 2
  5 83 65 2
  5 83 66 2
  5 83 67 2
  5 83 74 2
  5 83 75 2
  5 84 49 2
  5 84 50 2
  5 84 51 2
  5 84 52 2
  5 84 53 2
  5 84 76 2
  5 84 77 2
  5 85 43 2
  5 85 44 2
  5 85 45 2
  5 85 46 2
  5 85 47 2
  5 85 48 2
  5 85 78 2
  5 85 79 2
  5 86 37 2
  5 86 38 2
  5 86 39 2
  5 86 40 2
  5 86 41 2
  5 86 42 2
  5 86 80 2
  5 87 35 2
  5 87 36 2
  5 87 81 2
  5 87 82 2
  5 88 33 2
  5 88 34 2
  5 88 83 2
  5 88 84 2
  5 89 31 2
  5 89 32 2
  5 89 85 2
  5 90 30 2
  5 90 85 2
  5 91 28 2
  5 91 29 2
  5 91 86 2
  5 92 26 2
  5 92 27 2
  5 92 87 2
  5 93 25 2
  5 93 88 2
  5 94 23 2
  5 94 24 2
  5 94 89 2
  5 95 21 2
  5 95 22 2
  5 95 89 2
  5 96 19 2
  5 96 20 2
  5 96 90 2
  5 97 18 2
  5 97 91 2
  5 98 16 2
  5 98 17 2
  5 98 92 2
  5 99 14 2
  5 99 15 2
  5 99 93 2
  5 100 13 2
  5 100 93 2
  5 101 11 2
  5 101 12 2
  5 101 94 2
  5 102 9 2
  5 102 10 2
  5 102 94 2
  5 103 7 2
  5 103 8 2
  5 103 95 2
  5 104 6 2
  5 104 95 2
  5 105 4 2
  5 105 5 2
  5 105 95 2
  5 106 2 2
  5 106 3 2
  5 106 95 2
  5 107 0 2
  5 107 1 2
  5 107 95 2
  5 108 95 2
  5 109 95 2
  5 110 95 2
  5 111 95 2
  5 112 95 2
  5 113 95 2
  5 114 95 2
  5 115 95 2
  5 116 96 2
  5 117 96 2
  5 118 96 2
  5 119 96 2
  5 120 96 2
  5 120 97 2
  5 120 98 2
  5 120 99 2
