0	0	60	1
0	0	61	1
0	0	62	1
0	0	63	1
0	0	64	1
0	0	65	1
0	0	66	1
0	1	59	1
0	1	67	1
0	1	68	1
0	1	69	1
0	1	70	1
0	1	71	1
0	1	72	1
0	1	73	1
0	1	74	1
0	1	75	1
0	1	76	1
0	1	77	1
0	1	78	1
0	1	79	1
0	1	80	1
0	1	81	1
0	2	57	1
0	2	58	1
0	3	56	1
0	4	54	1
0	4	55	1
0	5	53	1
0	6	51	1
0	6	52	1
0	7	49	1
0	7	50	1
0	8	48	1
0	9	46	1
0	9	47	1
0	10	45	1
0	11	43	1
0	11	44	1
0	12	42	1
0	13	40	1
0	13	41	1
0	14	39	1
0	15	37	1
0	15	38	1
0	16	36	1
0	17	34	1
0	17	35	1
0	18	32	1
0	18	33	1
0	19	31	1
0	20	29	1
0	20	30	1
0	21	28	1
0	22	26	1
0	22	27	1
0	23	25	1
0	24	23	1
0	24	24	1
0	25	22	1
0	26	20	1
0	26	21	1
0	27	20	1
0	28	20	1
0	29	19	1
0	30	19	1
0	31	18	1
0	32	18	1
0	33	17	1
0	34	17	1
0	35	16	1
0	36	16	1
0	37	15	1
0	38	15	1
0	39	15	1
0	40	14	1
0	41	14	1
0	42	13	1
0	43	13	1
0	44	12	1
0	45	12	1
0	46	11	1
0	47	11	1
0	48	11	1
0	49	10	1
0	50	10	1
0	51	9	1
0	52	9	1
0	53	8	1
0	54	8	1
0	55	7	1
0	56	7	1
0	57	7	1
0	58	6	1
0	59	6	1
0	60	5	1
0	61	5	1
0	62	4	1
0	63	4	1
0	64	3	1
0	65	3	1
0	66	2	1
0	67	2	1
0	68	2	1
0	69	2	1
0	70	2	1
0	71	2	1
0	72	2	1
0	73	2	1
0	74	2	1
0	75	2	1
0	76	2	1
0	77	2	1
0	78	2	1
0	79	1	1
0	80	1	1
0	81	1	1
0	82	1	1
0	83	1	1
0	84	1	1
0	85	1	1
0	86	1	1
0	87	1	1
0	88	1	1
0	89	1	1
0	90	1	1
0	91	1	1
0	92	1	1
0	93	1	1
0	94	1	1
0	95	1	1
0	96	1	1
0	97	1	1
0	98	1	1
0	99	1	1
0	100	1	1
0	101	1	1
0	102	1	1
0	103	1	1
0	104	1	1
0	105	0	1
0	106	0	1
1	0	60	1
1	0	61	1
1	0	62	1
1	0	63	1
1	0	64	1
1	0	65	1
1	0	66	1
1	1	59	1
1	1	67	1
1	1	68	1
1	1	69	1
1	1	70	1
1	1	71	1
1	1	72	1
1	1	73	1
1	1	74	1
1	1	75	1
1	1	76	1
1	1	77	1
1	1	78	1
1	1	79	1
1	1	80	1
1	1	81	1
1	2	57	1
1	2	58	1
1	3	56	1
1	4	54	1
1	4	55	1
1	5	53	1
1	6	51	1
1	6	52	1
1	7	49	1
1	7	50	1
1	8	48	1
1	9	46	1
1	9	47	1
1	10	45	1
1	11	43	1
1	11	44	1
1	12	42	1
1	13	40	1
1	13	41	1
1	14	39	1
1	15	37	1
1	15	38	1
1	16	36	1
1	17	34	1
1	17	35	1
1	18	32	1
1	18	33	1
1	19	31	1
1	20	29	1
1	20	30	1
1	21	28	1
1	22	26	1
1	22	27	1
1	23	25	1
1	24	23	1
1	24	24	1
1	25	22	1
1	26	20	1
1	26	21	1
1	27	20	1
1	28	20	1
1	29	19	1
1	30	19	1
1	31	18	1
1	32	18	1
1	33	17	1
1	34	17	1
1	35	16	1
1	36	16	1
1	37	15	1
1	38	15	1
1	39	15	1
1	40	14	1
1	41	14	1
1	42	13	1
1	43	13	1
1	44	12	1
1	45	12	1
1	46	11	1
1	47	11	1
1	48	11	1
1	49	10	1
1	50	10	1
1	51	9	1
1	52	9	1
1	53	8	1
1	54	8	1
1	55	7	1
1	56	7	1
1	57	7	1
1	58	6	1
1	59	6	1
1	60	5	1
1	61	5	1
1	62	4	1
1	63	4	1
1	64	3	1
1	65	3	1
1	66	2	1
1	67	2	1
1	68	2	1
1	69	2	1
1	70	2	1
1	71	2	1
1	72	2	1
1	73	2	1
1	74	2	1
1	75	2	1
1	76	2	1
1	77	2	1
1	78	2	1
1	79	1	1
1	80	1	1
1	81	1	1
1	82	1	1
1	83	1	1
1	84	1	1
1	85	1	1
1	86	1	1
1	87	1	1
1	88	1	1
1	89	1	1
1	90	1	1
1	91	1	1
1	92	1	1
1	93	1	1
1	94	1	1
1	95	1	1
1	96	1	1
1	97	1	1
1	98	1	1
1	99	1	1
1	100	1	1
1	101	1	1
1	102	1	1
1	103	1	1
1	104	1	1
1	105	0	1
1	106	0	1
2	0	60	1
2	0	61	1
2	0	62	1
2	0	63	1
2	0	64	1
2	0	65	1
2	0	66	1
2	1	59	1
2	1	67	1
2	1	68	1
2	1	69	1
2	1	70	1
2	1	71	1
2	1	72	1
2	1	73	1
2	1	74	1
2	1	75	1
2	1	76	1
2	1	77	1
2	1	78	1
2	1	79	1
2	1	80	1
2	1	81	1
2	2	57	1
2	2	58	1
2	3	56	1
2	4	54	1
2	4	55	1
2	5	53	1
2	6	51	1
2	6	52	1
2	7	49	1
2	7	50	1
2	8	48	1
2	9	46	1
2	9	47	1
2	10	45	1
2	11	43	1
2	11	44	1
2	12	42	1
2	13	40	1
2	13	41	1
2	14	39	1
2	15	37	1
2	15	38	1
2	16	36	1
2	17	34	1
2	17	35	1
2	18	32	1
2	18	33	1
2	19	31	1
2	20	29	1
2	20	30	1
2	21	28	1
2	22	26	1
2	22	27	1
2	23	25	1
2	24	23	1
2	24	24	1
2	25	22	1
2	26	20	1
2	26	21	1
2	27	20	1
2	28	20	1
2	29	19	1
2	30	19	1
2	31	18	1
2	32	18	1
2	33	17	1
2	34	17	1
2	35	16	1
2	36	16	1
2	37	15	1
2	38	15	1
2	39	15	1
2	40	14	1
2	41	14	1
2	42	13	1
2	43	13	1
2	44	12	1
2	45	12	1
2	46	11	1
2	47	11	1
2	48	11	1
2	49	10	1
2	50	10	1
2	51	9	1
2	52	9	1
2	53	8	1
2	54	8	1
2	55	7	1
2	56	7	1
2	57	7	1
2	58	6	1
2	59	6	1
2	60	5	1
2	61	5	1
2	62	4	1
2	63	4	1
2	64	3	1
2	65	3	1
2	66	2	1
2	67	2	1
2	68	2	1
2	69	2	1
2	70	2	1
2	71	2	1
2	72	2	1
2	73	2	1
2	74	2	1
2	75	2	1
2	76	2	1
2	77	2	1
2	78	2	1
2	79	1	1
2	80	1	1
2	81	1	1
2	82	1	1
2	83	1	1
2	84	1	1
2	85	1	1
2	86	1	1
2	87	1	1
2	88	1	1
2	89	1	1
2	90	1	1
2	91	1	1
2	92	1	1
2	93	1	1
2	94	1	1
2	95	1	1
2	96	1	1
2	97	1	1
2	98	1	1
2	99	1	1
2	100	1	1
2	101	1	1
2	102	1	1
2	103	1	1
2	104	1	1
2	105	0	1
2	106	0	1
3	0	60	1
3	0	61	1
3	0	62	1
3	0	63	1
3	0	64	1
3	0	65	1
3	0	66	1
3	1	59	1
3	1	67	1
3	1	68	1
3	1	69	1
3	1	70	1
3	1	71	1
3	1	72	1
3	1	73	1
3	1	74	1
3	1	75	1
3	1	76	1
3	1	77	1
3	1	78	1
3	1	79	1
3	1	80	1
3	1	81	1
3	2	57	1
3	2	58	1
3	3	56	1
3	4	54	1
3	4	55	1
3	5	53	1
3	6	51	1
3	6	52	1
3	7	49	1
3	7	50	1
3	8	48	1
3	9	46	1
3	9	47	1
3	10	45	1
3	11	43	1
3	11	44	1
3	12	42	1
3	13	40	1
3	13	41	1
3	14	39	1
3	15	37	1
3	15	38	1
3	16	36	1
3	17	34	1
3	17	35	1
3	18	32	1
3	18	33	1
3	19	31	1
3	20	29	1
3	20	30	1
3	21	28	1
3	22	26	1
3	22	27	1
3	23	25	1
3	24	23	1
3	24	24	1
3	25	22	1
3	26	20	1
3	26	21	1
3	27	20	1
3	28	20	1
3	29	19	1
3	30	19	1
3	31	18	1
3	32	18	1
3	33	17	1
3	34	17	1
3	35	16	1
3	36	16	1
3	37	15	1
3	38	15	1
3	39	15	1
3	40	14	1
3	41	14	1
3	42	13	1
3	43	13	1
3	44	12	1
3	45	12	1
3	46	11	1
3	47	11	1
3	48	11	1
3	49	10	1
3	50	10	1
3	51	9	1
3	52	9	1
3	53	8	1
3	54	8	1
3	55	7	1
3	56	7	1
3	57	7	1
3	58	6	1
3	59	6	1
3	60	5	1
3	61	5	1
3	62	4	1
3	63	4	1
3	64	3	1
3	65	3	1
3	66	2	1
3	67	2	1
3	68	2	1
3	69	2	1
3	70	2	1
3	71	2	1
3	72	2	1
3	73	2	1
3	74	2	1
3	75	2	1
3	76	2	1
3	77	2	1
3	78	2	1
3	79	1	1
3	80	1	1
3	81	1	1
3	82	1	1
3	83	1	1
3	84	1	1
3	85	1	1
3	86	1	1
3	87	1	1
3	88	1	1
3	89	1	1
3	90	1	1
3	91	1	1
3	92	1	1
3	93	1	1
3	94	1	1
3	95	1	1
3	96	1	1
3	97	1	1
3	98	1	1
3	99	1	1
3	100	1	1
3	101	1	1
3	102	1	1
3	103	1	1
3	104	1	1
3	105	0	1
3	106	0	1
4	0	60	1
4	0	61	1
4	0	62	1
4	0	63	1
4	0	64	1
4	0	65	1
4	0	66	1
4	1	59	1
4	1	67	1
4	1	68	1
4	1	69	1
4	1	70	1
4	1	71	1
4	1	72	1
4	1	73	1
4	1	74	1
4	1	75	1
4	1	76	1
4	1	77	1
4	1	78	1
4	1	79	1
4	1	80	1
4	1	81	1
4	2	57	1
4	2	58	1
4	3	56	1
4	4	54	1
4	4	55	1
4	5	53	1
4	6	51	1
4	6	52	1
4	7	49	1
4	7	50	1
4	8	48	1
4	9	46	1
4	9	47	1
4	10	45	1
4	11	43	1
4	11	44	1
4	12	42	1
4	13	40	1
4	13	41	1
4	14	39	1
4	15	37	1
4	15	38	1
4	16	36	1
4	17	34	1
4	17	35	1
4	18	32	1
4	18	33	1
4	19	31	1
4	20	29	1
4	20	30	1
4	21	28	1
4	22	26	1
4	22	27	1
4	23	25	1
4	24	23	1
4	24	24	1
4	25	22	1
4	26	20	1
4	26	21	1
4	27	20	1
4	28	20	1
4	29	19	1
4	30	19	1
4	31	18	1
4	32	18	1
4	33	17	1
4	34	17	1
4	35	16	1
4	36	16	1
4	37	15	1
4	38	15	1
4	39	15	1
4	40	14	1
4	41	14	1
4	42	13	1
4	43	13	1
4	44	12	1
4	45	12	1
4	46	11	1
4	47	11	1
4	48	11	1
4	49	10	1
4	50	10	1
4	51	9	1
4	52	9	1
4	53	8	1
4	54	8	1
4	55	7	1
4	56	7	1
4	57	7	1
4	58	6	1
4	59	6	1
4	60	5	1
4	61	5	1
4	62	4	1
4	63	4	1
4	64	3	1
4	65	3	1
4	66	2	1
4	67	2	1
4	68	2	1
4	69	2	1
4	70	2	1
4	71	2	1
4	72	2	1
4	73	2	1
4	74	2	1
4	75	2	1
4	76	2	1
4	77	2	1
4	78	2	1
4	79	1	1
4	80	1	1
4	81	1	1
4	82	1	1
4	83	1	1
4	84	1	1
4	85	1	1
4	86	1	1
4	87	1	1
4	88	1	1
4	89	1	1
4	90	1	1
4	91	1	1
4	92	1	1
4	93	1	1
4	94	1	1
4	95	1	1
4	96	1	1
4	97	1	1
4	98	1	1
4	99	1	1
4	100	1	1
4	101	1	1
4	102	1	1
4	103	1	1
4	104	1	1
4	105	0	1
4	106	0	1
5	0	60	1
5	0	61	1
5	0	62	1
5	0	63	1
5	0	64	1
5	0	65	1
5	0	66	1
5	1	59	1
5	1	67	1
5	1	68	1
5	1	69	1
5	1	70	1
5	1	71	1
5	1	72	1
5	1	73	1
5	1	74	1
5	1	75	1
5	1	76	1
5	1	77	1
5	1	78	1
5	1	79	1
5	1	80	1
5	1	81	1
5	2	57	1
5	2	58	1
5	3	56	1
5	4	54	1
5	4	55	1
5	5	53	1
5	6	51	1
5	6	52	1
5	7	49	1
5	7	50	1
5	8	48	1
5	9	46	1
5	9	47	1
5	10	45	1
5	11	43	1
5	11	44	1
5	12	42	1
5	13	40	1
5	13	41	1
5	14	39	1
5	15	37	1
5	15	38	1
5	16	36	1
5	17	34	1
5	17	35	1
5	18	32	1
5	18	33	1
5	19	31	1
5	20	29	1
5	20	30	1
5	21	28	1
5	22	26	1
5	22	27	1
5	23	25	1
5	24	23	1
5	24	24	1
5	25	22	1
5	26	20	1
5	26	21	1
5	27	20	1
5	28	20	1
5	29	19	1
5	30	19	1
5	31	18	1
5	32	18	1
5	33	17	1
5	34	17	1
5	35	16	1
5	36	16	1
5	37	15	1
5	38	15	1
5	39	15	1
5	40	14	1
5	41	14	1
5	42	13	1
5	43	13	1
5	44	12	1
5	45	12	1
5	46	11	1
5	47	11	1
5	48	11	1
5	49	10	1
5	50	10	1
5	51	9	1
5	52	9	1
5	53	8	1
5	54	8	1
5	55	7	1
5	56	7	1
5	57	7	1
5	58	6	1
5	59	6	1
5	60	5	1
5	61	5	1
5	62	4	1
5	63	4	1
5	64	3	1
5	65	3	1
5	66	2	1
5	67	2	1
5	68	2	1
5	69	2	1
5	70	2	1
5	71	2	1
5	72	2	1
5	73	2	1
5	74	2	1
5	75	2	1
5	76	2	1
5	77	2	1
5	78	2	1
5	79	1	1
5	80	1	1
5	81	1	1
5	82	1	1
5	83	1	1
5	84	1	1
5	85	1	1
5	86	1	1
5	87	1	1
5	88	1	1
5	89	1	1
5	90	1	1
5	91	1	1
5	92	1	1
5	93	1	1
5	94	1	1
5	95	1	1
5	96	1	1
5	97	1	1
5	98	1	1
5	99	1	1
5	100	1	1
5	101	1	1
5	102	1	1
5	103	1	1
5	104	1	1
5	105	0	1
5	106	0	1
