  0 2 118 8.64400005E+00 100
  0 3 118 8.59399986E+00 100
  0 4 117 8.60400009E+00 100
  0 4 148 8.70300007E+00 100
  0 4 149 8.68700027E+00 100
  0 5 117 8.61800003E+00 100
  0 5 146 8.73900032E+00 100
  0 5 147 8.68999958E+00 100
  0 6 116 8.56400013E+00 100
  0 6 144 8.69400024E+00 100
  0 6 145 8.68099976E+00 100
  0 7 116 8.60700035E+00 100
  0 7 142 9.44900036E+00 100
  0 7 143 8.64599991E+00 100
  0 8 115 8.60900021E+00 100
  0 8 140 8.72000027E+00 100
  0 8 141 8.72700024E+00 100
  0 9 114 8.58100033E+00 100
  0 9 138 8.73400021E+00 100
  0 9 139 8.71300030E+00 100
  0 10 113 8.65299988E+00 100
  0 10 136 8.73799992E+00 100
  0 10 137 8.74100018E+00 100
  0 11 113 8.65499973E+00 100
  0 11 134 8.82999992E+00 100
  0 11 135 8.77900028E+00 100
  0 12 112 8.57900047E+00 100
  0 12 132 8.83100033E+00 100
  0 12 133 8.84000015E+00 100
  0 13 112 8.59599972E+00 100
  0 13 130 8.65799999E+00 100
  0 13 131 8.60499954E+00 100
  0 14 112 8.57999992E+00 100
  0 14 128 8.92800045E+00 100
  0 14 129 8.74300003E+00 100
  0 15 112 8.63099957E+00 100
  0 15 126 8.91600037E+00 100
  0 15 127 8.89500046E+00 100
  0 16 112 8.69499969E+00 100
  0 16 124 9.04500008E+00 100
  0 16 125 8.95400047E+00 100
  0 16 148 5.89300013E+00 100
  0 16 149 5.89099979E+00 100
  0 17 112 1.00299997E+01 100
  0 17 122 9.63899994E+00 100
  0 17 123 9.69099998E+00 100
  0 17 147 5.85300016E+00 100
  0 18 111 8.53299999E+00 100
  0 18 120 8.97799969E+00 100
  0 18 121 8.96399975E+00 100
  0 18 138 5.95499992E+00 100
  0 18 139 5.90899992E+00 100
  0 18 140 5.90799999E+00 100
  0 18 141 5.89099979E+00 100
  0 18 142 5.91400003E+00 100
  0 18 143 5.94399977E+00 100
  0 18 144 5.88700008E+00 100
  0 18 145 5.87500000E+00 100
  0 18 146 5.91800022E+00 100
  0 19 111 8.52200031E+00 100
  0 19 118 9.07499981E+00 100
  0 19 119 9.06000042E+00 100
  0 19 136 6.01999998E+00 100
  0 19 137 5.96400023E+00 100
  0 20 31 6.99900007E+00 100
  0 20 111 8.52400017E+00 100
  0 20 116 9.14400005E+00 100
  0 20 117 9.15799999E+00 100
  0 20 135 6.07900000E+00 100
  0 21 32 6.95800018E+00 100
  0 21 33 6.92600012E+00 100
  0 21 34 6.90299988E+00 100
  0 21 111 8.50699997E+00 100
  0 21 114 9.25599957E+00 100
  0 21 115 9.23499966E+00 100
  0 21 133 6.11899996E+00 100
  0 21 134 6.10400009E+00 100
  0 22 35 6.94999981E+00 100
  0 22 36 6.88299990E+00 100
  0 22 37 6.84999990E+00 100
  0 22 110 8.43799973E+00 100
  0 22 113 9.43999958E+00 100
  0 22 131 6.17600012E+00 100
  0 22 132 6.13100004E+00 100
  0 23 38 6.85699987E+00 100
  0 23 39 6.91099977E+00 100
  0 23 40 6.86999989E+00 100
  0 23 110 8.46300030E+00 100
  0 23 129 6.17299986E+00 100
  0 23 130 6.15100002E+00 100
  0 24 41 6.84899998E+00 100
  0 24 42 6.85200024E+00 100
  0 24 43 6.88299990E+00 100
  0 24 109 1.15660000E+01 100
  0 24 128 6.21899986E+00 100
  0 25 44 6.83699989E+00 100
  0 25 45 6.88299990E+00 100
  0 25 46 6.80399990E+00 100
  0 25 109 9.67700005E+00 100
  0 25 126 6.26999998E+00 100
  0 25 127 6.22100019E+00 100
  0 26 47 6.84700012E+00 100
  0 26 48 6.88999987E+00 100
  0 26 49 6.94500017E+00 100
  0 26 109 8.63599968E+00 100
  0 26 124 6.29600000E+00 100
  0 26 125 6.28000021E+00 100
  0 27 50 6.83099985E+00 100
  0 27 51 7.03700018E+00 100
  0 27 109 8.28899956E+00 100
  0 27 122 6.27400017E+00 100
  0 27 123 6.29699993E+00 100
  0 28 52 6.86399984E+00 100
  0 28 109 1.05749998E+01 100
  0 28 114 7.75699997E+00 100
  0 28 115 6.65500021E+00 100
  0 28 116 6.31899977E+00 100
  0 28 117 6.32700014E+00 100
  0 28 118 6.34899998E+00 100
  0 28 119 6.31099987E+00 100
  0 28 120 6.32299995E+00 100
  0 28 121 6.32299995E+00 100
  0 29 53 6.82000017E+00 100
  0 29 54 6.82399988E+00 100
  0 29 108 1.06730003E+01 100
  0 29 112 6.43699980E+00 100
  0 29 113 6.40999985E+00 100
  0 30 55 6.89300013E+00 100
  0 30 56 6.90799999E+00 100
  0 30 108 1.06300001E+01 100
  0 30 111 6.42199993E+00 100
  0 31 57 6.86800003E+00 100
  0 31 107 1.05799999E+01 100
  0 31 111 6.42700005E+00 100
  0 32 58 6.89099979E+00 100
  0 32 107 1.05780001E+01 100
  0 32 111 6.45200014E+00 100
  0 33 59 6.85300016E+00 100
  0 33 106 9.89400005E+00 100
  0 33 110 6.48099995E+00 100
  0 34 60 6.81300020E+00 100
  0 34 106 1.05939999E+01 100
  0 34 110 6.44899988E+00 100
  0 35 61 6.80499983E+00 100
  0 35 105 1.02639999E+01 100
  0 35 110 6.52099991E+00 100
  0 36 61 7.94099998E+00 100
  0 36 105 9.88199997E+00 100
  0 36 110 6.59800005E+00 100
  0 37 62 6.85500002E+00 100
  0 37 104 8.99199963E+00 100
  0 37 110 7.21199989E+00 100
  0 38 63 6.78000021E+00 100
  0 38 99 6.54500008E+00 100
  0 38 100 6.57100010E+00 100
  0 38 101 1.07790003E+01 100
  0 38 102 7.37599993E+00 100
  0 38 103 6.52299976E+00 100
  0 38 104 6.76200008E+00 100
  0 38 110 6.51900005E+00 100
  0 39 64 6.79799986E+00 100
  0 39 98 6.50299978E+00 100
  0 39 105 6.55299997E+00 100
  0 39 110 6.49300003E+00 100
  0 40 65 6.77600002E+00 100
  0 40 66 6.74900007E+00 100
  0 40 67 6.78900003E+00 100
  0 40 96 6.67299986E+00 100
  0 40 97 6.53800011E+00 100
  0 40 106 6.48199987E+00 100
  0 40 107 6.51700020E+00 100
  0 41 68 6.71899986E+00 100
  0 41 95 6.53900003E+00 100
  0 42 69 6.74499989E+00 100
  0 42 94 6.55200005E+00 100
  0 43 70 6.72700024E+00 100
  0 43 71 6.72200012E+00 100
  0 43 93 6.54699993E+00 100
  0 44 72 6.73299980E+00 100
  0 44 92 6.57299995E+00 100
  0 45 73 6.77699995E+00 100
  0 45 91 6.54199982E+00 100
  0 46 74 6.79699993E+00 100
  0 46 75 6.79099989E+00 100
  0 46 90 6.55000019E+00 100
  0 47 76 6.69099998E+00 100
  0 47 89 6.55399990E+00 100
  0 48 77 6.64799976E+00 100
  0 48 88 6.55600023E+00 100
  0 49 78 6.67700005E+00 100
  0 49 88 6.58099985E+00 100
  0 50 79 6.69899988E+00 100
  0 50 87 6.58799982E+00 100
  0 51 80 6.62200022E+00 100
  0 51 81 6.70900011E+00 100
  0 51 87 6.61999989E+00 100
  0 52 82 6.59000015E+00 100
  0 52 83 6.59999990E+00 100
  0 52 87 6.52400017E+00 100
  0 53 84 6.65100002E+00 100
  0 53 85 6.57900000E+00 100
  0 53 86 6.59000015E+00 100
  0 53 88 6.57499981E+00 100
  0 54 88 6.55999994E+00 100
  0 55 88 6.58599997E+00 100
  0 56 87 6.52500010E+00 100
  0 57 86 6.57999992E+00 100
  0 58 84 6.57399988E+00 100
  0 58 85 6.57000017E+00 100
  0 59 83 6.67199993E+00 100
  0 60 83 6.54799986E+00 100
  0 61 84 6.61499977E+00 100
  0 62 83 6.59000015E+00 100
  0 63 83 6.60900021E+00 100
  0 64 82 6.71700001E+00 100
  0 65 82 6.55399990E+00 100
  0 66 82 6.66200018E+00 100
  0 67 80 6.60500002E+00 100
  0 67 81 6.57700014E+00 100
  0 68 79 6.57600021E+00 100
  0 68 81 6.62599993E+00 100
  0 68 87 7.17100000E+00 100
  0 68 88 7.26300001E+00 100
  0 69 77 7.04600000E+00 100
  0 69 78 7.07299995E+00 100
  0 69 82 7.17899990E+00 100
  0 69 86 7.15000010E+00 100
  0 69 89 7.34700012E+00 100
  0 70 75 7.07999992E+00 100
  0 70 76 7.05600023E+00 100
  0 70 82 7.26300001E+00 100
  0 70 83 7.13000011E+00 100
  0 70 84 7.13000011E+00 100
  0 70 85 7.26200008E+00 100
  0 70 89 7.38999987E+00 100
  0 71 72 7.11299992E+00 100
  0 71 73 7.09399986E+00 100
  0 71 74 7.12200022E+00 100
  0 71 90 7.32999992E+00 100
  0 72 69 7.14699984E+00 100
  0 72 70 7.13399982E+00 100
  0 72 71 7.13899994E+00 100
  0 72 90 7.45100021E+00 100
  0 73 66 7.14300013E+00 100
  0 73 67 7.17299986E+00 100
  0 73 68 7.14099979E+00 100
  0 73 90 7.33900023E+00 100
  0 74 63 7.23000002E+00 100
  0 74 64 7.16300011E+00 100
  0 74 65 7.16300011E+00 100
  0 74 90 7.33500004E+00 100
  0 75 61 7.21600008E+00 100
  0 75 62 7.20400000E+00 100
  0 75 88 7.64699984E+00 100
  0 75 89 7.51599979E+00 100
  0 76 46 8.18700027E+00 100
  0 76 47 7.91699982E+00 100
  0 76 48 7.57200003E+00 100
  0 76 49 7.35900021E+00 100
  0 76 50 7.40100002E+00 100
  0 76 51 7.40299988E+00 100
  0 76 52 7.40299988E+00 100
  0 76 53 7.35900021E+00 100
  0 76 54 7.28399992E+00 100
  0 76 55 7.28700018E+00 100
  0 76 56 7.26200008E+00 100
  0 76 57 7.27299976E+00 100
  0 76 58 7.28000021E+00 100
  0 76 59 7.23600006E+00 100
  0 76 60 7.22900009E+00 100
  0 76 87 7.74300003E+00 100
  0 77 42 7.39400005E+00 100
  0 77 43 7.38999987E+00 100
  0 77 44 7.40600014E+00 100
  0 77 45 7.38899994E+00 100
  0 77 87 7.65000010E+00 100
  0 78 41 7.41200018E+00 100
  0 78 87 7.73400021E+00 100
  0 79 39 7.38100004E+00 100
  0 79 40 7.38999987E+00 100
  0 79 86 7.98500013E+00 100
  0 80 38 7.40000010E+00 100
  0 81 36 7.41300011E+00 100
  0 81 37 7.41800022E+00 100
  0 82 35 7.44999981E+00 100
  0 83 34 7.43200016E+00 100
  0 84 32 7.45200014E+00 100
  0 84 33 7.46299982E+00 100
  0 85 31 7.49100018E+00 100
  0 86 30 7.47800016E+00 100
  0 87 28 7.49700022E+00 100
  0 87 29 7.47900009E+00 100
  0 88 27 7.51000023E+00 100
  0 89 26 7.46999979E+00 100
  0 90 24 7.54199982E+00 100
  0 90 25 7.50400019E+00 100
  0 91 23 7.52500010E+00 100
  0 92 22 7.56199980E+00 100
  0 93 21 7.51499987E+00 100
  0 94 19 7.56199980E+00 100
  0 94 20 7.56199980E+00 100
  0 95 1 7.60699987E+00 100
  0 95 2 7.61299992E+00 100
  0 95 3 7.59999990E+00 100
  0 95 18 7.56599998E+00 100
  0 96 4 7.62599993E+00 100
  0 96 5 7.61999989E+00 100
  0 96 6 7.63100004E+00 100
  0 96 7 7.55000019E+00 100
  0 96 8 7.59399986E+00 100
  0 96 9 7.59899998E+00 100
  0 96 10 7.57999992E+00 100
  0 96 11 7.55299997E+00 100
  0 96 17 7.53700018E+00 100
  0 97 12 7.57900000E+00 100
  0 97 13 7.56699991E+00 100
  0 97 14 7.56899977E+00 100
  0 97 15 7.56699991E+00 100
  0 97 16 7.55999994E+00 100
