  7 0 60 13
  7 0 61 13
  7 0 62 13
  7 0 63 13
  7 0 64 13
  7 0 65 13
  7 0 66 13
  7 1 59 13
  7 1 60 13
  7 1 61 13
  7 1 62 13
  7 1 63 13
  7 1 64 13
  7 1 65 13
  7 1 66 13
  7 1 67 13
  7 1 68 13
  7 1 69 13
  7 1 70 13
  7 1 71 13
  7 1 72 13
  7 1 73 13
  7 1 74 13
  7 1 75 13
  7 1 76 13
  7 1 77 13
  7 1 78 13
  7 1 79 13
  7 1 80 13
  7 1 81 13
  7 1 82 13
  7 1 83 13
  7 1 84 13
  7 1 85 13
  7 1 86 13
  7 1 87 13
  7 1 88 13
  7 1 89 13
  7 1 90 13
  7 1 91 13
  7 1 92 13
  7 1 93 13
  7 1 94 13
  7 1 95 13
  7 1 96 13
  7 1 97 13
  7 1 98 13
  7 1 99 13
  7 1 100 13
  7 1 101 13
  7 1 102 13
  7 2 57 13
  7 2 58 13
  7 2 59 13
  7 2 60 13
  7 2 61 13
  7 2 62 13
  7 2 63 13
  7 2 64 13
  7 2 65 13
  7 2 66 13
  7 2 67 13
  7 2 68 13
  7 2 69 13
  7 2 70 13
  7 2 71 13
  7 2 72 13
  7 2 73 13
  7 2 74 13
  7 2 75 13
  7 2 76 13
  7 2 77 13
  7 2 78 13
  7 2 79 13
  7 2 80 13
  7 2 81 13
  7 2 82 13
  7 2 83 13
  7 2 84 13
  7 2 85 13
  7 2 86 13
  7 2 87 13
  7 2 88 13
  7 2 89 13
  7 2 90 13
  7 2 91 13
  7 2 92 13
  7 2 93 13
  7 2 94 13
  7 2 95 13
  7 2 96 13
  7 2 97 13
  7 2 98 13
  7 2 99 13
  7 2 100 13
  7 2 101 13
  7 2 102 13
  7 2 103 13
  7 2 104 13
  7 2 105 13
  7 2 106 13
  7 2 107 13
  7 2 108 13
  7 2 109 13
  7 2 110 13
  7 2 111 13
  7 2 112 13
  7 2 113 13
  7 2 114 13
  7 2 115 13
  7 2 116 13
  7 2 117 13
  7 2 118 13
  7 2 119 13
  7 2 120 13
  7 2 121 13
  7 2 122 13
  7 2 123 13
  7 2 124 13
  7 2 125 13
  7 2 126 13
  7 2 127 13
  7 2 128 13
  7 2 129 13
  7 2 130 13
  7 2 131 13
  7 2 132 13
  7 2 133 13
  7 2 134 13
  7 2 135 13
  7 2 136 13
  7 2 137 13
  7 2 138 13
  7 2 139 13
  7 3 56 13
  7 3 57 13
  7 3 58 13
  7 3 59 13
  7 3 60 13
  7 3 61 13
  7 3 62 13
  7 3 63 13
  7 3 64 13
  7 3 65 13
  7 3 66 13
  7 3 67 13
  7 3 68 13
  7 3 69 13
  7 3 70 13
  7 3 71 13
  7 3 72 13
  7 3 73 13
  7 3 74 13
  7 3 75 13
  7 3 76 13
  7 3 77 13
  7 3 78 13
  7 3 79 13
  7 3 80 13
  7 3 81 13
  7 3 82 13
  7 3 83 13
  7 3 84 13
  7 3 85 13
  7 3 86 13
  7 3 87 13
  7 3 88 13
  7 3 89 13
  7 3 90 13
  7 3 91 13
  7 3 92 13
  7 3 93 13
  7 3 94 13
  7 3 95 13
  7 3 96 13
  7 3 97 13
  7 3 98 13
  7 3 99 13
  7 3 100 13
  7 3 101 13
  7 3 102 13
  7 3 103 13
  7 3 104 13
  7 3 105 13
  7 3 106 13
  7 3 107 13
  7 3 108 13
  7 3 109 13
  7 3 110 13
  7 3 111 13
  7 3 112 13
  7 3 113 13
  7 3 114 13
  7 3 115 13
  7 3 116 13
  7 3 117 13
  7 3 118 13
  7 3 119 13
  7 3 120 13
  7 3 121 13
  7 3 122 13
  7 3 123 13
  7 3 124 13
  7 3 125 13
  7 3 126 13
  7 3 127 13
  7 3 128 13
  7 3 129 13
  7 3 130 13
  7 3 131 13
  7 3 132 13
  7 3 133 13
  7 3 134 13
  7 3 135 13
  7 3 136 13
  7 3 137 13
  7 3 138 13
  7 3 139 13
  7 3 140 13
  7 3 141 13
  7 3 142 13
  7 3 143 13
  7 3 144 13
  7 3 145 13
  7 3 146 13
  7 3 147 13
  7 3 148 13
  7 4 54 13
  7 4 55 13
  7 4 56 13
  7 4 57 13
  7 4 58 13
  7 4 59 13
  7 4 60 13
  7 4 61 13
  7 4 62 13
  7 4 63 13
  7 4 64 13
  7 4 65 13
  7 4 66 13
  7 4 67 13
  7 4 68 13
  7 4 69 13
  7 4 70 13
  7 4 71 13
  7 4 72 13
  7 4 73 13
  7 4 74 13
  7 4 75 13
  7 4 76 13
  7 4 77 13
  7 4 78 13
  7 4 79 13
  7 4 80 13
  7 4 81 13
  7 4 82 13
  7 4 83 13
  7 4 84 13
  7 4 85 13
  7 4 86 13
  7 4 87 13
  7 4 88 13
  7 4 89 13
  7 4 90 13
  7 4 91 13
  7 4 92 13
  7 4 93 13
  7 4 94 13
  7 4 95 13
  7 4 96 13
  7 4 97 13
  7 4 98 13
  7 4 99 13
  7 4 100 13
  7 4 101 13
  7 4 102 13
  7 4 103 13
  7 4 104 13
  7 4 105 13
  7 4 106 13
  7 4 107 13
  7 4 108 13
  7 4 109 13
  7 4 110 13
  7 4 111 13
  7 4 112 13
  7 4 113 13
  7 4 114 13
  7 4 115 13
  7 4 116 13
  7 4 117 13
  7 4 118 13
  7 4 119 13
  7 4 120 13
  7 4 121 13
  7 4 122 13
  7 4 123 13
  7 4 124 13
  7 4 125 13
  7 4 126 13
  7 4 127 13
  7 4 128 13
  7 4 129 13
  7 4 130 13
  7 4 131 13
  7 4 132 13
  7 4 133 13
  7 4 134 13
  7 4 135 13
  7 4 136 13
  7 4 137 13
  7 4 138 13
  7 4 139 13
  7 4 140 13
  7 4 141 13
  7 4 142 13
  7 4 143 13
  7 4 144 13
  7 4 145 13
  7 4 146 13
  7 4 147 13
  7 4 148 13
  7 5 53 13
  7 5 54 13
  7 5 55 13
  7 5 56 13
  7 5 57 13
  7 5 58 13
  7 5 59 13
  7 5 60 13
  7 5 61 13
  7 5 62 13
  7 5 63 13
  7 5 64 13
  7 5 65 13
  7 5 66 13
  7 5 67 13
  7 5 68 13
  7 5 69 13
  7 5 70 13
  7 5 71 13
  7 5 72 13
  7 5 73 13
  7 5 74 13
  7 5 75 13
  7 5 76 13
  7 5 77 13
  7 5 78 13
  7 5 79 13
  7 5 80 13
  7 5 81 13
  7 5 82 13
  7 5 83 13
  7 5 84 13
  7 5 85 13
  7 5 86 13
  7 5 87 13
  7 5 88 13
  7 5 89 13
  7 5 90 13
  7 5 91 13
  7 5 92 13
  7 5 93 13
  7 5 94 13
  7 5 95 13
  7 5 96 13
  7 5 97 13
  7 5 98 13
  7 5 99 13
  7 5 100 13
  7 5 101 13
  7 5 102 13
  7 5 103 13
  7 5 104 13
  7 5 105 13
  7 5 106 13
  7 5 107 13
  7 5 108 13
  7 5 109 13
  7 5 110 13
  7 5 111 13
  7 5 112 13
  7 5 113 13
  7 5 114 13
  7 5 115 13
  7 5 116 13
  7 5 117 13
  7 5 118 13
  7 5 119 13
  7 5 120 13
  7 5 121 13
  7 5 122 13
  7 5 123 13
  7 5 124 13
  7 5 125 13
  7 5 126 13
  7 5 127 13
  7 5 128 13
  7 5 129 13
  7 5 130 13
  7 5 131 13
  7 5 132 13
  7 5 133 13
  7 5 134 13
  7 5 135 13
  7 5 136 13
  7 5 137 13
  7 5 138 13
  7 5 139 13
  7 5 140 13
  7 5 141 13
  7 5 142 13
  7 5 143 13
  7 5 144 13
  7 5 145 13
  7 5 146 13
  7 5 147 13
  7 5 148 13
  7 6 51 13
  7 6 52 13
  7 6 53 13
  7 6 54 13
  7 6 55 13
  7 6 56 13
  7 6 57 13
  7 6 58 13
  7 6 59 13
  7 6 60 13
  7 6 61 13
  7 6 62 13
  7 6 63 13
  7 6 64 13
  7 6 65 13
  7 6 66 13
  7 6 67 13
  7 6 68 13
  7 6 69 13
  7 6 70 13
  7 6 71 13
  7 6 72 13
  7 6 73 13
  7 6 74 13
  7 6 75 13
  7 6 76 13
  7 6 77 13
  7 6 78 13
  7 6 79 13
  7 6 80 13
  7 6 81 13
  7 6 82 13
  7 6 83 13
  7 6 84 13
  7 6 85 13
  7 6 86 13
  7 6 87 13
  7 6 88 13
  7 6 89 13
  7 6 90 13
  7 6 91 13
  7 6 92 13
  7 6 93 13
  7 6 94 13
  7 6 95 13
  7 6 96 13
  7 6 97 13
  7 6 98 13
  7 6 99 13
  7 6 100 13
  7 6 101 13
  7 6 102 13
  7 6 103 13
  7 6 104 13
  7 6 105 13
  7 6 106 13
  7 6 107 13
  7 6 108 13
  7 6 109 13
  7 6 110 13
  7 6 111 13
  7 6 112 13
  7 6 113 13
  7 6 114 13
  7 6 115 13
  7 6 116 13
  7 6 117 13
  7 6 118 13
  7 6 119 13
  7 6 120 13
  7 6 121 13
  7 6 122 13
  7 6 123 13
  7 6 124 13
  7 6 125 13
  7 6 126 13
  7 6 127 13
  7 6 128 13
  7 6 129 13
  7 6 130 13
  7 6 131 13
  7 6 132 13
  7 6 133 13
  7 6 134 13
  7 6 135 13
  7 6 136 13
  7 6 137 13
  7 6 138 13
  7 6 139 13
  7 6 140 13
  7 6 141 13
  7 6 142 13
  7 6 143 13
  7 6 144 13
  7 6 145 13
  7 6 146 13
  7 6 147 13
  7 6 148 13
  7 7 49 13
  7 7 50 13
  7 7 51 13
  7 7 52 13
  7 7 53 13
  7 7 54 13
  7 7 55 13
  7 7 56 13
  7 7 57 13
  7 7 58 13
  7 7 59 13
  7 7 60 13
  7 7 61 13
  7 7 62 13
  7 7 63 13
  7 7 64 13
  7 7 65 13
  7 7 66 13
  7 7 67 13
  7 7 68 13
  7 7 69 13
  7 7 70 13
  7 7 71 13
  7 7 72 13
  7 7 73 13
  7 7 74 13
  7 7 75 13
  7 7 76 13
  7 7 77 13
  7 7 78 13
  7 7 79 13
  7 7 80 13
  7 7 81 13
  7 7 82 13
  7 7 83 13
  7 7 84 13
  7 7 85 13
  7 7 86 13
  7 7 87 13
  7 7 88 13
  7 7 89 13
  7 7 90 13
  7 7 91 13
  7 7 92 13
  7 7 93 13
  7 7 94 13
  7 7 95 13
  7 7 96 13
  7 7 97 13
  7 7 98 13
  7 7 99 13
  7 7 100 13
  7 7 101 13
  7 7 102 13
  7 7 103 13
  7 7 104 13
  7 7 105 13
  7 7 106 13
  7 7 107 13
  7 7 108 13
  7 7 109 13
  7 7 110 13
  7 7 111 13
  7 7 112 13
  7 7 113 13
  7 7 114 13
  7 7 115 13
  7 7 116 13
  7 7 117 13
  7 7 118 13
  7 7 119 13
  7 7 120 13
  7 7 121 13
  7 7 122 13
  7 7 123 13
  7 7 124 13
  7 7 125 13
  7 7 126 13
  7 7 127 13
  7 7 128 13
  7 7 129 13
  7 7 130 13
  7 7 131 13
  7 7 132 13
  7 7 133 13
  7 7 134 13
  7 7 135 13
  7 7 136 13
  7 7 137 13
  7 7 138 13
  7 7 139 13
  7 7 140 13
  7 7 141 13
  7 7 142 13
  7 7 143 13
  7 7 144 13
  7 7 145 13
  7 7 146 13
  7 7 147 13
  7 7 148 13
  7 8 48 13
  7 8 49 13
  7 8 50 13
  7 8 51 13
  7 8 52 13
  7 8 53 13
  7 8 54 13
  7 8 55 13
  7 8 56 13
  7 8 57 13
  7 8 58 13
  7 8 59 13
  7 8 60 13
  7 8 61 13
  7 8 62 13
  7 8 63 13
  7 8 64 13
  7 8 65 13
  7 8 66 13
  7 8 67 13
  7 8 68 13
  7 8 69 13
  7 8 70 13
  7 8 71 13
  7 8 72 13
  7 8 73 13
  7 8 74 13
  7 8 75 13
  7 8 76 13
  7 8 77 13
  7 8 78 13
  7 8 79 13
  7 8 80 13
  7 8 81 13
  7 8 82 13
  7 8 83 13
  7 8 84 13
  7 8 85 13
  7 8 86 13
  7 8 87 13
  7 8 88 13
  7 8 89 13
  7 8 90 13
  7 8 91 13
  7 8 92 13
  7 8 93 13
  7 8 94 13
  7 8 95 13
  7 8 96 13
  7 8 97 13
  7 8 98 13
  7 8 99 13
  7 8 100 13
  7 8 101 13
  7 8 102 13
  7 8 103 13
  7 8 104 13
  7 8 105 13
  7 8 106 13
  7 8 107 13
  7 8 108 13
  7 8 109 13
  7 8 110 13
  7 8 111 13
  7 8 112 13
  7 8 113 13
  7 8 114 13
  7 8 115 13
  7 8 116 13
  7 8 117 13
  7 8 118 13
  7 8 119 13
  7 8 120 13
  7 8 121 13
  7 8 122 13
  7 8 123 13
  7 8 124 13
  7 8 125 13
  7 8 126 13
  7 8 127 13
  7 8 128 13
  7 8 129 13
  7 8 130 13
  7 8 131 13
  7 8 132 13
  7 8 133 13
  7 8 134 13
  7 8 135 13
  7 8 136 13
  7 8 137 13
  7 8 138 13
  7 8 139 13
  7 8 140 13
  7 8 141 13
  7 8 142 13
  7 8 143 13
  7 8 144 13
  7 8 145 13
  7 8 146 13
  7 8 147 13
  7 8 148 13
  7 9 46 13
  7 9 47 13
  7 9 48 13
  7 9 49 13
  7 9 50 13
  7 9 51 13
  7 9 52 13
  7 9 53 13
  7 9 54 13
  7 9 55 13
  7 9 56 13
  7 9 57 13
  7 9 58 13
  7 9 59 13
  7 9 60 13
  7 9 61 13
  7 9 62 13
  7 9 63 13
  7 9 64 13
  7 9 65 13
  7 9 66 13
  7 9 67 13
  7 9 68 13
  7 9 69 13
  7 9 70 13
  7 9 71 13
  7 9 72 13
  7 9 73 13
  7 9 74 13
  7 9 75 13
  7 9 76 13
  7 9 77 13
  7 9 78 13
  7 9 79 13
  7 9 80 13
  7 9 81 13
  7 9 82 13
  7 9 83 13
  7 9 84 13
  7 9 85 13
  7 9 86 13
  7 9 87 13
  7 9 88 13
  7 9 89 13
  7 9 90 13
  7 9 91 13
  7 9 92 13
  7 9 93 13
  7 9 94 13
  7 9 95 13
  7 9 96 13
  7 9 97 13
  7 9 98 13
  7 9 99 13
  7 9 100 13
  7 9 101 13
  7 9 102 13
  7 9 103 13
  7 9 104 13
  7 9 105 13
  7 9 106 13
  7 9 107 13
  7 9 108 13
  7 9 109 13
  7 9 110 13
  7 9 111 13
  7 9 112 13
  7 9 113 13
  7 9 114 13
  7 9 115 13
  7 9 116 13
  7 9 117 13
  7 9 118 13
  7 9 119 13
  7 9 120 13
  7 9 121 13
  7 9 122 13
  7 9 123 13
  7 9 124 13
  7 9 125 13
  7 9 126 13
  7 9 127 13
  7 9 128 13
  7 9 129 13
  7 9 130 13
  7 9 131 13
  7 9 132 13
  7 9 133 13
  7 9 134 13
  7 9 135 13
  7 9 136 13
  7 9 137 13
  7 9 138 13
  7 9 139 13
  7 9 140 13
  7 9 141 13
  7 9 142 13
  7 9 143 13
  7 9 144 13
  7 9 145 13
  7 9 146 13
  7 9 147 13
  7 9 148 13
  7 10 45 13
  7 10 46 13
  7 10 47 13
  7 10 48 13
  7 10 49 13
  7 10 50 13
  7 10 51 13
  7 10 52 13
  7 10 53 13
  7 10 54 13
  7 10 55 13
  7 10 56 13
  7 10 57 13
  7 10 58 13
  7 10 59 13
  7 10 60 13
  7 10 61 13
  7 10 62 13
  7 10 63 13
  7 10 64 13
  7 10 65 13
  7 10 66 13
  7 10 67 13
  7 10 68 13
  7 10 69 13
  7 10 70 13
  7 10 71 13
  7 10 72 13
  7 10 73 13
  7 10 74 13
  7 10 75 13
  7 10 76 13
  7 10 77 13
  7 10 78 13
  7 10 79 13
  7 10 80 13
  7 10 81 13
  7 10 82 13
  7 10 83 13
  7 10 84 13
  7 10 85 13
  7 10 86 13
  7 10 87 13
  7 10 88 13
  7 10 89 13
  7 10 90 13
  7 10 91 13
  7 10 92 13
  7 10 93 13
  7 10 94 13
  7 10 95 13
  7 10 96 13
  7 10 97 13
  7 10 98 13
  7 10 99 13
  7 10 100 13
  7 10 101 13
  7 10 102 13
  7 10 103 13
  7 10 104 13
  7 10 105 13
  7 10 106 13
  7 10 107 13
  7 10 108 13
  7 10 109 13
  7 10 110 13
  7 10 111 13
  7 10 112 13
  7 10 113 13
  7 10 114 13
  7 10 115 13
  7 10 116 13
  7 10 117 13
  7 10 118 13
  7 10 119 13
  7 10 120 13
  7 10 121 13
  7 10 122 13
  7 10 123 13
  7 10 124 13
  7 10 125 13
  7 10 126 13
  7 10 127 13
  7 10 128 13
  7 10 129 13
  7 10 130 13
  7 10 131 13
  7 10 132 13
  7 10 133 13
  7 10 134 13
  7 10 135 13
  7 10 136 13
  7 10 137 13
  7 10 138 13
  7 10 139 13
  7 10 140 13
  7 10 141 13
  7 10 142 13
  7 10 143 13
  7 10 144 13
  7 10 145 13
  7 10 146 13
  7 10 147 13
  7 10 148 13
  7 11 43 13
  7 11 44 13
  7 11 45 13
  7 11 46 13
  7 11 47 13
  7 11 48 13
  7 11 49 13
  7 11 50 13
  7 11 51 13
  7 11 52 13
  7 11 53 13
  7 11 54 13
  7 11 55 13
  7 11 56 13
  7 11 57 13
  7 11 58 13
  7 11 59 13
  7 11 60 13
  7 11 61 13
  7 11 62 13
  7 11 63 13
  7 11 64 13
  7 11 65 13
  7 11 66 13
  7 11 67 13
  7 11 68 13
  7 11 69 13
  7 11 70 13
  7 11 71 13
  7 11 72 13
  7 11 73 13
  7 11 74 13
  7 11 75 13
  7 11 76 13
  7 11 77 13
  7 11 78 13
  7 11 79 13
  7 11 80 13
  7 11 81 13
  7 11 82 13
  7 11 83 13
  7 11 84 13
  7 11 85 13
  7 11 86 13
  7 11 87 13
  7 11 88 13
  7 11 89 13
  7 11 90 13
  7 11 91 13
  7 11 92 13
  7 11 93 13
  7 11 94 13
  7 11 95 13
  7 11 96 13
  7 11 97 13
  7 11 98 13
  7 11 99 13
  7 11 100 13
  7 11 101 13
  7 11 102 13
  7 11 103 13
  7 11 104 13
  7 11 105 13
  7 11 106 13
  7 11 107 13
  7 11 108 13
  7 11 109 13
  7 11 110 13
  7 11 111 13
  7 11 112 13
  7 11 113 13
  7 11 114 13
  7 11 115 13
  7 11 116 13
  7 11 117 13
  7 11 118 13
  7 11 119 13
  7 11 120 13
  7 11 121 13
  7 11 122 13
  7 11 123 13
  7 11 124 13
  7 11 125 13
  7 11 126 13
  7 11 127 13
  7 11 128 13
  7 11 129 13
  7 11 130 13
  7 11 131 13
  7 11 132 13
  7 11 133 13
  7 11 134 13
  7 11 135 13
  7 11 136 13
  7 11 137 13
  7 11 138 13
  7 11 139 13
  7 11 140 13
  7 11 141 13
  7 11 142 13
  7 11 143 13
  7 11 144 13
  7 11 145 13
  7 11 146 13
  7 11 147 13
  7 11 148 13
  7 12 42 13
  7 12 43 13
  7 12 44 13
  7 12 45 13
  7 12 46 13
  7 12 47 13
  7 12 48 13
  7 12 49 13
  7 12 50 13
  7 12 51 13
  7 12 52 13
  7 12 53 13
  7 12 54 13
  7 12 55 13
  7 12 56 13
  7 12 57 13
  7 12 58 13
  7 12 59 13
  7 12 60 13
  7 12 61 13
  7 12 62 13
  7 12 63 13
  7 12 64 13
  7 12 65 13
  7 12 66 13
  7 12 67 13
  7 12 68 13
  7 12 69 13
  7 12 70 13
  7 12 71 13
  7 12 72 13
  7 12 73 13
  7 12 74 13
  7 12 75 13
  7 12 76 13
  7 12 77 13
  7 12 78 13
  7 12 79 13
  7 12 80 13
  7 12 81 13
  7 12 82 13
  7 12 83 13
  7 12 84 13
  7 12 85 13
  7 12 86 13
  7 12 87 13
  7 12 88 13
  7 12 89 13
  7 12 90 13
  7 12 91 13
  7 12 92 13
  7 12 93 13
  7 12 94 13
  7 12 95 13
  7 12 96 13
  7 12 97 13
  7 12 98 13
  7 12 99 13
  7 12 100 13
  7 12 101 13
  7 12 102 13
  7 12 103 13
  7 12 104 13
  7 12 105 13
  7 12 106 13
  7 12 107 13
  7 12 108 13
  7 12 109 13
  7 12 110 13
  7 12 111 13
  7 12 112 13
  7 12 113 13
  7 12 114 13
  7 12 115 13
  7 12 116 13
  7 12 117 13
  7 12 118 13
  7 12 119 13
  7 12 120 13
  7 12 121 13
  7 12 122 13
  7 12 123 13
  7 12 124 13
  7 12 125 13
  7 12 126 13
  7 12 127 13
  7 12 128 13
  7 12 129 13
  7 12 130 13
  7 12 131 13
  7 12 132 13
  7 12 133 13
  7 12 134 13
  7 12 135 13
  7 12 136 13
  7 12 137 13
  7 12 138 13
  7 12 139 13
  7 12 140 13
  7 12 141 13
  7 12 142 13
  7 12 143 13
  7 12 144 13
  7 12 145 13
  7 12 146 13
  7 12 147 13
  7 12 148 13
  7 13 40 13
  7 13 41 13
  7 13 42 13
  7 13 43 13
  7 13 44 13
  7 13 45 13
  7 13 46 13
  7 13 47 13
  7 13 48 13
  7 13 49 13
  7 13 50 13
  7 13 51 13
  7 13 52 13
  7 13 53 13
  7 13 54 13
  7 13 55 13
  7 13 56 13
  7 13 57 13
  7 13 58 13
  7 13 59 13
  7 13 60 13
  7 13 61 13
  7 13 62 13
  7 13 63 13
  7 13 64 13
  7 13 65 13
  7 13 66 13
  7 13 67 13
  7 13 68 13
  7 13 69 13
  7 13 70 13
  7 13 71 13
  7 13 72 13
  7 13 73 13
  7 13 74 13
  7 13 75 13
  7 13 76 13
  7 13 77 13
  7 13 78 13
  7 13 79 13
  7 13 80 13
  7 13 81 13
  7 13 82 13
  7 13 83 13
  7 13 84 13
  7 13 85 13
  7 13 86 13
  7 13 87 13
  7 13 88 13
  7 13 89 13
  7 13 90 13
  7 13 91 13
  7 13 92 13
  7 13 93 13
  7 13 94 13
  7 13 95 13
  7 13 96 13
  7 13 97 13
  7 13 98 13
  7 13 99 13
  7 13 100 13
  7 13 101 13
  7 13 102 13
  7 13 103 13
  7 13 104 13
  7 13 105 13
  7 13 106 13
  7 13 107 13
  7 13 108 13
  7 13 109 13
  7 13 110 13
  7 13 111 13
  7 13 112 13
  7 13 113 13
  7 13 114 13
  7 13 115 13
  7 13 116 13
  7 13 117 13
  7 13 118 13
  7 13 119 13
  7 13 120 13
  7 13 121 13
  7 13 122 13
  7 13 123 13
  7 13 124 13
  7 13 125 13
  7 13 126 13
  7 13 127 13
  7 13 128 13
  7 13 129 13
  7 13 130 13
  7 13 131 13
  7 13 132 13
  7 13 133 13
  7 13 134 13
  7 13 135 13
  7 13 136 13
  7 13 137 13
  7 13 138 13
  7 13 139 13
  7 13 140 13
  7 13 141 13
  7 13 142 13
  7 13 143 13
  7 13 144 13
  7 13 145 13
  7 13 146 13
  7 13 147 13
  7 13 148 13
  7 14 39 13
  7 14 40 13
  7 14 41 13
  7 14 42 13
  7 14 43 13
  7 14 44 13
  7 14 45 13
  7 14 46 13
  7 14 47 13
  7 14 48 13
  7 14 49 13
  7 14 50 13
  7 14 51 13
  7 14 52 13
  7 14 53 13
  7 14 54 13
  7 14 55 13
  7 14 56 13
  7 14 57 13
  7 14 58 13
  7 14 59 13
  7 14 60 13
  7 14 61 13
  7 14 62 13
  7 14 63 13
  7 14 64 13
  7 14 65 13
  7 14 66 13
  7 14 67 13
  7 14 68 13
  7 14 69 13
  7 14 70 13
  7 14 71 13
  7 14 72 13
  7 14 73 13
  7 14 74 13
  7 14 75 13
  7 14 76 13
  7 14 77 13
  7 14 78 13
  7 14 79 13
  7 14 80 13
  7 14 81 13
  7 14 82 13
  7 14 83 13
  7 14 84 13
  7 14 85 13
  7 14 86 13
  7 14 87 13
  7 14 88 13
  7 14 89 13
  7 14 90 13
  7 14 91 13
  7 14 92 13
  7 14 93 13
  7 14 94 13
  7 14 95 13
  7 14 96 13
  7 14 97 13
  7 14 98 13
  7 14 99 13
  7 14 100 13
  7 14 101 13
  7 14 102 13
  7 14 103 13
  7 14 104 13
  7 14 105 13
  7 14 106 13
  7 14 107 13
  7 14 108 13
  7 14 109 13
  7 14 110 13
  7 14 111 13
  7 14 112 13
  7 14 113 13
  7 14 114 13
  7 14 115 13
  7 14 116 13
  7 14 117 13
  7 14 118 13
  7 14 119 13
  7 14 120 13
  7 14 121 13
  7 14 122 13
  7 14 123 13
  7 14 124 13
  7 14 125 13
  7 14 126 13
  7 14 127 13
  7 14 128 13
  7 14 129 13
  7 14 130 13
  7 14 131 13
  7 14 132 13
  7 14 133 13
  7 14 134 13
  7 14 135 13
  7 14 136 13
  7 14 137 13
  7 14 138 13
  7 14 139 13
  7 14 140 13
  7 14 141 13
  7 14 142 13
  7 14 143 13
  7 14 144 13
  7 14 145 13
  7 14 146 13
  7 14 147 13
  7 14 148 13
  7 15 37 13
  7 15 38 13
  7 15 39 13
  7 15 40 13
  7 15 41 13
  7 15 42 13
  7 15 43 13
  7 15 44 13
  7 15 45 13
  7 15 46 13
  7 15 47 13
  7 15 48 13
  7 15 49 13
  7 15 50 13
  7 15 51 13
  7 15 52 13
  7 15 53 13
  7 15 54 13
  7 15 55 13
  7 15 56 13
  7 15 57 13
  7 15 58 13
  7 15 59 13
  7 15 60 13
  7 15 61 13
  7 15 62 13
  7 15 63 13
  7 15 64 13
  7 15 65 13
  7 15 66 13
  7 15 67 13
  7 15 68 13
  7 15 69 13
  7 15 70 13
  7 15 71 13
  7 15 72 13
  7 15 73 13
  7 15 74 13
  7 15 75 13
  7 15 76 13
  7 15 77 13
  7 15 78 13
  7 15 79 13
  7 15 80 13
  7 15 81 13
  7 15 82 13
  7 15 83 13
  7 15 84 13
  7 15 85 13
  7 15 86 13
  7 15 87 13
  7 15 88 13
  7 15 89 13
  7 15 90 13
  7 15 91 13
  7 15 92 13
  7 15 93 13
  7 15 94 13
  7 15 95 13
  7 15 96 13
  7 15 97 13
  7 15 98 13
  7 15 99 13
  7 15 100 13
  7 15 101 13
  7 15 102 13
  7 15 103 13
  7 15 104 13
  7 15 105 13
  7 15 106 13
  7 15 107 13
  7 15 108 13
  7 15 109 13
  7 15 110 13
  7 15 111 13
  7 15 112 13
  7 15 113 13
  7 15 114 13
  7 15 115 13
  7 15 116 13
  7 15 117 13
  7 15 118 13
  7 15 119 13
  7 15 120 13
  7 15 121 13
  7 15 122 13
  7 15 123 13
  7 15 124 13
  7 15 125 13
  7 15 126 13
  7 15 127 13
  7 15 128 13
  7 15 129 13
  7 15 130 13
  7 15 131 13
  7 15 132 13
  7 15 133 13
  7 15 134 13
  7 15 135 13
  7 15 136 13
  7 15 137 13
  7 15 138 13
  7 15 139 13
  7 15 140 13
  7 15 141 13
  7 15 142 13
  7 15 143 13
  7 15 144 13
  7 15 145 13
  7 15 146 13
  7 15 147 13
  7 15 148 13
  7 16 36 13
  7 16 37 13
  7 16 38 13
  7 16 39 13
  7 16 40 13
  7 16 41 13
  7 16 42 13
  7 16 43 13
  7 16 44 13
  7 16 45 13
  7 16 46 13
  7 16 47 13
  7 16 48 13
  7 16 49 13
  7 16 50 13
  7 16 51 13
  7 16 52 13
  7 16 53 13
  7 16 54 13
  7 16 55 13
  7 16 56 13
  7 16 57 13
  7 16 58 13
  7 16 59 13
  7 16 60 13
  7 16 61 13
  7 16 62 13
  7 16 63 13
  7 16 64 13
  7 16 65 13
  7 16 66 13
  7 16 67 13
  7 16 68 13
  7 16 69 13
  7 16 70 13
  7 16 71 13
  7 16 72 13
  7 16 73 13
  7 16 74 13
  7 16 75 13
  7 16 76 13
  7 16 77 13
  7 16 78 13
  7 16 79 13
  7 16 80 13
  7 16 81 13
  7 16 82 13
  7 16 83 13
  7 16 84 13
  7 16 85 13
  7 16 86 13
  7 16 87 13
  7 16 88 13
  7 16 89 13
  7 16 90 13
  7 16 91 13
  7 16 92 13
  7 16 93 13
  7 16 94 13
  7 16 95 13
  7 16 96 13
  7 16 97 13
  7 16 98 13
  7 16 99 13
  7 16 100 13
  7 16 101 13
  7 16 102 13
  7 16 103 13
  7 16 104 13
  7 16 105 13
  7 16 106 13
  7 16 107 13
  7 16 108 13
  7 16 109 13
  7 16 110 13
  7 16 111 13
  7 16 112 13
  7 16 113 13
  7 16 114 13
  7 16 115 13
  7 16 116 13
  7 16 117 13
  7 16 118 13
  7 16 119 13
  7 16 120 13
  7 16 121 13
  7 16 122 13
  7 16 123 13
  7 16 124 13
  7 16 125 13
  7 16 126 13
  7 16 127 13
  7 16 128 13
  7 16 129 13
  7 16 130 13
  7 16 131 13
  7 16 132 13
  7 16 133 13
  7 16 134 13
  7 16 135 13
  7 16 136 13
  7 16 137 13
  7 16 138 13
  7 16 139 13
  7 16 140 13
  7 16 141 13
  7 16 142 13
  7 16 143 13
  7 16 144 13
  7 16 145 13
  7 16 146 13
  7 16 147 13
  7 16 148 13
  7 17 34 13
  7 17 35 13
  7 17 36 13
  7 17 37 13
  7 17 38 13
  7 17 39 13
  7 17 40 13
  7 17 41 13
  7 17 42 13
  7 17 43 13
  7 17 44 13
  7 17 45 13
  7 17 46 13
  7 17 47 13
  7 17 48 13
  7 17 49 13
  7 17 50 13
  7 17 51 13
  7 17 52 13
  7 17 53 13
  7 17 54 13
  7 17 55 13
  7 17 56 13
  7 17 57 13
  7 17 58 13
  7 17 59 13
  7 17 60 13
  7 17 61 13
  7 17 62 13
  7 17 63 13
  7 17 64 13
  7 17 65 13
  7 17 66 13
  7 17 67 13
  7 17 68 13
  7 17 69 13
  7 17 70 13
  7 17 71 13
  7 17 72 13
  7 17 73 13
  7 17 74 13
  7 17 75 13
  7 17 76 13
  7 17 77 13
  7 17 78 13
  7 17 79 13
  7 17 80 13
  7 17 81 13
  7 17 82 13
  7 17 83 13
  7 17 84 13
  7 17 85 13
  7 17 86 13
  7 17 87 13
  7 17 88 13
  7 17 89 13
  7 17 90 13
  7 17 91 13
  7 17 92 13
  7 17 93 13
  7 17 94 13
  7 17 95 13
  7 17 96 13
  7 17 97 13
  7 17 98 13
  7 17 99 13
  7 17 100 13
  7 17 101 13
  7 17 102 13
  7 17 103 13
  7 17 104 13
  7 17 105 13
  7 17 106 13
  7 17 107 13
  7 17 108 13
  7 17 109 13
  7 17 110 13
  7 17 111 13
  7 17 112 13
  7 17 113 13
  7 17 114 13
  7 17 115 13
  7 17 116 13
  7 17 117 13
  7 17 118 13
  7 17 119 13
  7 17 120 13
  7 17 121 13
  7 17 122 13
  7 17 123 13
  7 17 124 13
  7 17 125 13
  7 17 126 13
  7 17 127 13
  7 17 128 13
  7 17 129 13
  7 17 130 13
  7 17 131 13
  7 17 132 13
  7 17 133 13
  7 17 134 13
  7 17 135 13
  7 17 136 13
  7 17 137 13
  7 17 138 13
  7 17 139 13
  7 17 140 13
  7 17 141 13
  7 17 142 13
  7 17 143 13
  7 17 144 13
  7 17 145 13
  7 17 146 13
  7 17 147 13
  7 17 148 13
  7 18 32 13
  7 18 33 13
  7 18 34 13
  7 18 35 13
  7 18 36 13
  7 18 37 13
  7 18 38 13
  7 18 39 13
  7 18 40 13
  7 18 41 13
  7 18 42 13
  7 18 43 13
  7 18 44 13
  7 18 45 13
  7 18 46 13
  7 18 47 13
  7 18 48 13
  7 18 49 13
  7 18 50 13
  7 18 51 13
  7 18 52 13
  7 18 53 13
  7 18 54 13
  7 18 55 13
  7 18 56 13
  7 18 57 13
  7 18 58 13
  7 18 59 13
  7 18 60 13
  7 18 61 13
  7 18 62 13
  7 18 63 13
  7 18 64 13
  7 18 65 13
  7 18 66 13
  7 18 67 13
  7 18 68 13
  7 18 69 13
  7 18 70 13
  7 18 71 13
  7 18 72 13
  7 18 73 13
  7 18 74 13
  7 18 75 13
  7 18 76 13
  7 18 77 13
  7 18 78 13
  7 18 79 13
  7 18 80 13
  7 18 81 13
  7 18 82 13
  7 18 83 13
  7 18 84 13
  7 18 85 13
  7 18 86 13
  7 18 87 13
  7 18 88 13
  7 18 89 13
  7 18 90 13
  7 18 91 13
  7 18 92 13
  7 18 93 13
  7 18 94 13
  7 18 95 13
  7 18 96 13
  7 18 97 13
  7 18 98 13
  7 18 99 13
  7 18 100 13
  7 18 101 13
  7 18 102 13
  7 18 103 13
  7 18 104 13
  7 18 105 13
  7 18 106 13
  7 18 107 13
  7 18 108 13
  7 18 109 13
  7 18 110 13
  7 18 111 13
  7 18 112 13
  7 18 113 13
  7 18 114 13
  7 18 115 13
  7 18 116 13
  7 18 117 13
  7 18 118 13
  7 18 119 13
  7 18 120 13
  7 18 121 13
  7 18 122 13
  7 18 123 13
  7 18 124 13
  7 18 125 13
  7 18 126 13
  7 18 127 13
  7 18 128 13
  7 18 129 13
  7 18 130 13
  7 18 131 13
  7 18 132 13
  7 18 133 13
  7 18 134 13
  7 18 135 13
  7 18 136 13
  7 18 137 13
  7 18 138 13
  7 18 139 13
  7 18 140 13
  7 18 141 13
  7 18 142 13
  7 18 143 13
  7 18 144 13
  7 18 145 13
  7 18 146 13
  7 18 147 13
  7 18 148 13
  7 19 31 13
  7 19 32 13
  7 19 33 13
  7 19 34 13
  7 19 35 13
  7 19 36 13
  7 19 37 13
  7 19 38 13
  7 19 39 13
  7 19 40 13
  7 19 41 13
  7 19 42 13
  7 19 43 13
  7 19 44 13
  7 19 45 13
  7 19 46 13
  7 19 47 13
  7 19 48 13
  7 19 49 13
  7 19 50 13
  7 19 51 13
  7 19 52 13
  7 19 53 13
  7 19 54 13
  7 19 55 13
  7 19 56 13
  7 19 57 13
  7 19 58 13
  7 19 59 13
  7 19 60 13
  7 19 61 13
  7 19 62 13
  7 19 63 13
  7 19 64 13
  7 19 65 13
  7 19 66 13
  7 19 67 13
  7 19 68 13
  7 19 69 13
  7 19 70 13
  7 19 71 13
  7 19 72 13
  7 19 73 13
  7 19 74 13
  7 19 75 13
  7 19 76 13
  7 19 77 13
  7 19 78 13
  7 19 79 13
  7 19 80 13
  7 19 81 13
  7 19 82 13
  7 19 83 13
  7 19 84 13
  7 19 85 13
  7 19 86 13
  7 19 87 13
  7 19 88 13
  7 19 89 13
  7 19 90 13
  7 19 91 13
  7 19 92 13
  7 19 93 13
  7 19 94 13
  7 19 95 13
  7 19 96 13
  7 19 97 13
  7 19 98 13
  7 19 99 13
  7 19 100 13
  7 19 101 13
  7 19 102 13
  7 19 103 13
  7 19 104 13
  7 19 105 13
  7 19 106 13
  7 19 107 13
  7 19 108 13
  7 19 109 13
  7 19 110 13
  7 19 111 13
  7 19 112 13
  7 19 113 13
  7 19 114 13
  7 19 115 13
  7 19 116 13
  7 19 117 13
  7 19 118 13
  7 19 119 13
  7 19 120 13
  7 19 121 13
  7 19 122 13
  7 19 123 13
  7 19 124 13
  7 19 125 13
  7 19 126 13
  7 19 127 13
  7 19 128 13
  7 19 129 13
  7 19 130 13
  7 19 131 13
  7 19 132 13
  7 19 133 13
  7 19 134 13
  7 19 135 13
  7 19 136 13
  7 19 137 13
  7 19 138 13
  7 19 139 13
  7 19 140 13
  7 19 141 13
  7 19 142 13
  7 19 143 13
  7 19 144 13
  7 19 145 13
  7 19 146 13
  7 19 147 13
  7 19 148 13
  7 20 29 13
  7 20 30 13
  7 20 31 13
  7 20 32 13
  7 20 33 13
  7 20 34 13
  7 20 35 13
  7 20 36 13
  7 20 37 13
  7 20 38 13
  7 20 39 13
  7 20 40 13
  7 20 41 13
  7 20 42 13
  7 20 43 13
  7 20 44 13
  7 20 45 13
  7 20 46 13
  7 20 47 13
  7 20 48 13
  7 20 49 13
  7 20 50 13
  7 20 51 13
  7 20 52 13
  7 20 53 13
  7 20 54 13
  7 20 55 13
  7 20 56 13
  7 20 57 13
  7 20 58 13
  7 20 59 13
  7 20 60 13
  7 20 61 13
  7 20 62 13
  7 20 63 13
  7 20 64 13
  7 20 65 13
  7 20 66 13
  7 20 67 13
  7 20 68 13
  7 20 69 13
  7 20 70 13
  7 20 71 13
  7 20 72 13
  7 20 73 13
  7 20 74 13
  7 20 75 13
  7 20 76 13
  7 20 77 13
  7 20 78 13
  7 20 79 13
  7 20 80 13
  7 20 81 13
  7 20 82 13
  7 20 83 13
  7 20 84 13
  7 20 85 13
  7 20 86 13
  7 20 87 13
  7 20 88 13
  7 20 89 13
  7 20 90 13
  7 20 91 13
  7 20 92 13
  7 20 93 13
  7 20 94 13
  7 20 95 13
  7 20 96 13
  7 20 97 13
  7 20 98 13
  7 20 99 13
  7 20 100 13
  7 20 101 13
  7 20 102 13
  7 20 103 13
  7 20 104 13
  7 20 105 13
  7 20 106 13
  7 20 107 13
  7 20 108 13
  7 20 109 13
  7 20 110 13
  7 20 111 13
  7 20 112 13
  7 20 113 13
  7 20 114 13
  7 20 115 13
  7 20 116 13
  7 20 117 13
  7 20 118 13
  7 20 119 13
  7 20 120 13
  7 20 121 13
  7 20 122 13
  7 20 123 13
  7 20 124 13
  7 20 125 13
  7 20 126 13
  7 20 127 13
  7 20 128 13
  7 20 129 13
  7 20 130 13
  7 20 131 13
  7 20 132 13
  7 20 133 13
  7 20 134 13
  7 20 135 13
  7 20 136 13
  7 20 137 13
  7 20 138 13
  7 20 139 13
  7 20 140 13
  7 20 141 13
  7 20 142 13
  7 20 143 13
  7 20 144 13
  7 20 145 13
  7 20 146 13
  7 20 147 13
  7 20 148 13
  7 21 28 13
  7 21 29 13
  7 21 30 13
  7 21 31 13
  7 21 32 13
  7 21 33 13
  7 21 34 13
  7 21 35 13
  7 21 36 13
  7 21 37 13
  7 21 38 13
  7 21 39 13
  7 21 40 13
  7 21 41 13
  7 21 42 13
  7 21 43 13
  7 21 44 13
  7 21 45 13
  7 21 46 13
  7 21 47 13
  7 21 48 13
  7 21 49 13
  7 21 50 13
  7 21 51 13
  7 21 52 13
  7 21 53 13
  7 21 54 13
  7 21 55 13
  7 21 56 13
  7 21 57 13
  7 21 58 13
  7 21 59 13
  7 21 60 13
  7 21 61 13
  7 21 62 13
  7 21 63 13
  7 21 64 13
  7 21 65 13
  7 21 66 13
  7 21 67 13
  7 21 68 13
  7 21 69 13
  7 21 70 13
  7 21 71 13
  7 21 72 13
  7 21 73 13
  7 21 74 13
  7 21 75 13
  7 21 76 13
  7 21 77 13
  7 21 78 13
  7 21 79 13
  7 21 80 13
  7 21 81 13
  7 21 82 13
  7 21 83 13
  7 21 84 13
  7 21 85 13
  7 21 86 13
  7 21 87 13
  7 21 88 13
  7 21 89 13
  7 21 90 13
  7 21 91 13
  7 21 92 13
  7 21 93 13
  7 21 94 13
  7 21 95 13
  7 21 96 13
  7 21 97 13
  7 21 98 13
  7 21 99 13
  7 21 100 13
  7 21 101 13
  7 21 102 13
  7 21 103 13
  7 21 104 13
  7 21 105 13
  7 21 106 13
  7 21 107 13
  7 21 108 13
  7 21 109 13
  7 21 110 13
  7 21 111 13
  7 21 112 13
  7 21 113 13
  7 21 114 13
  7 21 115 13
  7 21 116 13
  7 21 117 13
  7 21 118 13
  7 21 119 13
  7 21 120 13
  7 21 121 13
  7 21 122 13
  7 21 123 13
  7 21 124 13
  7 21 125 13
  7 21 126 13
  7 21 127 13
  7 21 128 13
  7 21 129 13
  7 21 130 13
  7 21 131 13
  7 21 132 13
  7 21 133 13
  7 21 134 13
  7 21 135 13
  7 21 136 13
  7 21 137 13
  7 21 138 13
  7 21 139 13
  7 21 140 13
  7 21 141 13
  7 21 142 13
  7 21 143 13
  7 21 144 13
  7 21 145 13
  7 21 146 13
  7 21 147 13
  7 21 148 13
  7 22 26 13
  7 22 27 13
  7 22 28 13
  7 22 29 13
  7 22 30 13
  7 22 31 13
  7 22 32 13
  7 22 33 13
  7 22 34 13
  7 22 35 13
  7 22 36 13
  7 22 37 13
  7 22 38 13
  7 22 39 13
  7 22 40 13
  7 22 41 13
  7 22 42 13
  7 22 43 13
  7 22 44 13
  7 22 45 13
  7 22 46 13
  7 22 47 13
  7 22 48 13
  7 22 49 13
  7 22 50 13
  7 22 51 13
  7 22 52 13
  7 22 53 13
  7 22 54 13
  7 22 55 13
  7 22 56 13
  7 22 57 13
  7 22 58 13
  7 22 59 13
  7 22 60 13
  7 22 61 13
  7 22 62 13
  7 22 63 13
  7 22 64 13
  7 22 65 13
  7 22 66 13
  7 22 67 13
  7 22 68 13
  7 22 69 13
  7 22 70 13
  7 22 71 13
  7 22 72 13
  7 22 73 13
  7 22 74 13
  7 22 75 13
  7 22 76 13
  7 22 77 13
  7 22 78 13
  7 22 79 13
  7 22 80 13
  7 22 81 13
  7 22 82 13
  7 22 83 13
  7 22 84 13
  7 22 85 13
  7 22 86 13
  7 22 87 13
  7 22 88 13
  7 22 89 13
  7 22 90 13
  7 22 91 13
  7 22 92 13
  7 22 93 13
  7 22 94 13
  7 22 95 13
  7 22 96 13
  7 22 97 13
  7 22 98 13
  7 22 99 13
  7 22 100 13
  7 22 101 13
  7 22 102 13
  7 22 103 13
  7 22 104 13
  7 22 105 13
  7 22 106 13
  7 22 107 13
  7 22 108 13
  7 22 109 13
  7 22 110 13
  7 22 111 13
  7 22 112 13
  7 22 113 13
  7 22 114 13
  7 22 115 13
  7 22 116 13
  7 22 117 13
  7 22 118 13
  7 22 119 13
  7 22 120 13
  7 22 121 13
  7 22 122 13
  7 22 123 13
  7 22 124 13
  7 22 125 13
  7 22 126 13
  7 22 127 13
  7 22 128 13
  7 22 129 13
  7 22 130 13
  7 22 131 13
  7 22 132 13
  7 22 133 13
  7 22 134 13
  7 22 135 13
  7 22 136 13
  7 22 137 13
  7 22 138 13
  7 22 139 13
  7 22 140 13
  7 22 141 13
  7 22 142 13
  7 22 143 13
  7 22 144 13
  7 22 145 13
  7 22 146 13
  7 22 147 13
  7 22 148 13
  7 23 25 13
  7 23 26 13
  7 23 27 13
  7 23 28 13
  7 23 29 13
  7 23 30 13
  7 23 31 13
  7 23 32 13
  7 23 33 13
  7 23 34 13
  7 23 35 13
  7 23 36 13
  7 23 37 13
  7 23 38 13
  7 23 39 13
  7 23 40 13
  7 23 41 13
  7 23 42 13
  7 23 43 13
  7 23 44 13
  7 23 45 13
  7 23 46 13
  7 23 47 13
  7 23 48 13
  7 23 49 13
  7 23 50 13
  7 23 51 13
  7 23 52 13
  7 23 53 13
  7 23 54 13
  7 23 55 13
  7 23 56 13
  7 23 57 13
  7 23 58 13
  7 23 59 13
  7 23 60 13
  7 23 61 13
  7 23 62 13
  7 23 63 13
  7 23 64 13
  7 23 65 13
  7 23 66 13
  7 23 67 13
  7 23 68 13
  7 23 69 13
  7 23 70 13
  7 23 71 13
  7 23 72 13
  7 23 73 13
  7 23 74 13
  7 23 75 13
  7 23 76 13
  7 23 77 13
  7 23 78 13
  7 23 79 13
  7 23 80 13
  7 23 81 13
  7 23 82 13
  7 23 83 13
  7 23 84 13
  7 23 85 13
  7 23 86 13
  7 23 87 13
  7 23 88 13
  7 23 89 13
  7 23 90 13
  7 23 91 13
  7 23 92 13
  7 23 93 13
  7 23 94 13
  7 23 95 13
  7 23 96 13
  7 23 97 13
  7 23 98 13
  7 23 99 13
  7 23 100 13
  7 23 101 13
  7 23 102 13
  7 23 103 13
  7 23 104 13
  7 23 105 13
  7 23 106 13
  7 23 107 13
  7 23 108 13
  7 23 109 13
  7 23 110 13
  7 23 111 13
  7 23 112 13
  7 23 113 13
  7 23 114 13
  7 23 115 13
  7 23 116 13
  7 23 117 13
  7 23 118 13
  7 23 119 13
  7 23 120 13
  7 23 121 13
  7 23 122 13
  7 23 123 13
  7 23 124 13
  7 23 125 13
  7 23 126 13
  7 23 127 13
  7 23 128 13
  7 23 129 13
  7 23 130 13
  7 23 131 13
  7 23 132 13
  7 23 133 13
  7 23 134 13
  7 23 135 13
  7 23 136 13
  7 23 137 13
  7 23 138 13
  7 23 139 13
  7 23 140 13
  7 23 141 13
  7 23 142 13
  7 23 143 13
  7 23 144 13
  7 23 145 13
  7 23 146 13
  7 23 147 13
  7 23 148 13
  7 23 149 13
  7 24 23 13
  7 24 24 13
  7 24 25 13
  7 24 26 13
  7 24 27 13
  7 24 28 13
  7 24 29 13
  7 24 30 13
  7 24 31 13
  7 24 32 13
  7 24 33 13
  7 24 34 13
  7 24 35 13
  7 24 36 13
  7 24 37 13
  7 24 38 13
  7 24 39 13
  7 24 40 13
  7 24 41 13
  7 24 42 13
  7 24 43 13
  7 24 44 13
  7 24 45 13
  7 24 46 13
  7 24 47 13
  7 24 48 13
  7 24 49 13
  7 24 50 13
  7 24 51 13
  7 24 52 13
  7 24 53 13
  7 24 54 13
  7 24 55 13
  7 24 56 13
  7 24 57 13
  7 24 58 13
  7 24 59 13
  7 24 60 13
  7 24 61 13
  7 24 62 13
  7 24 63 13
  7 24 64 13
  7 24 65 13
  7 24 66 13
  7 24 67 13
  7 24 68 13
  7 24 69 13
  7 24 70 13
  7 24 71 13
  7 24 72 13
  7 24 73 13
  7 24 74 13
  7 24 75 13
  7 24 76 13
  7 24 77 13
  7 24 78 13
  7 24 79 13
  7 24 80 13
  7 24 81 13
  7 24 82 13
  7 24 83 13
  7 24 84 13
  7 24 85 13
  7 24 86 13
  7 24 87 13
  7 24 88 13
  7 24 89 13
  7 24 90 13
  7 24 91 13
  7 24 92 13
  7 24 93 13
  7 24 94 13
  7 24 95 13
  7 24 96 13
  7 24 97 13
  7 24 98 13
  7 24 99 13
  7 24 100 13
  7 24 101 13
  7 24 102 13
  7 24 103 13
  7 24 104 13
  7 24 105 13
  7 24 106 13
  7 24 107 13
  7 24 108 13
  7 24 109 13
  7 24 110 13
  7 24 111 13
  7 24 112 13
  7 24 113 13
  7 24 114 13
  7 24 115 13
  7 24 116 13
  7 24 117 13
  7 24 118 13
  7 24 119 13
  7 24 120 13
  7 24 121 13
  7 24 122 13
  7 24 123 13
  7 24 124 13
  7 24 125 13
  7 24 126 13
  7 24 127 13
  7 24 128 13
  7 24 129 13
  7 24 130 13
  7 24 131 13
  7 24 132 13
  7 24 133 13
  7 24 134 13
  7 24 135 13
  7 24 136 13
  7 24 137 13
  7 24 138 13
  7 24 139 13
  7 24 140 13
  7 24 141 13
  7 24 142 13
  7 24 143 13
  7 24 144 13
  7 24 145 13
  7 24 146 13
  7 24 147 13
  7 24 148 13
  7 24 149 13
  7 25 22 13
  7 25 23 13
  7 25 24 13
  7 25 25 13
  7 25 26 13
  7 25 27 13
  7 25 28 13
  7 25 29 13
  7 25 30 13
  7 25 31 13
  7 25 32 13
  7 25 33 13
  7 25 34 13
  7 25 35 13
  7 25 36 13
  7 25 37 13
  7 25 38 13
  7 25 39 13
  7 25 40 13
  7 25 41 13
  7 25 42 13
  7 25 43 13
  7 25 44 13
  7 25 45 13
  7 25 46 13
  7 25 47 13
  7 25 48 13
  7 25 49 13
  7 25 50 13
  7 25 51 13
  7 25 52 13
  7 25 53 13
  7 25 54 13
  7 25 55 13
  7 25 56 13
  7 25 57 13
  7 25 58 13
  7 25 59 13
  7 25 60 13
  7 25 61 13
  7 25 62 13
  7 25 63 13
  7 25 64 13
  7 25 65 13
  7 25 66 13
  7 25 67 13
  7 25 68 13
  7 25 69 13
  7 25 70 13
  7 25 71 13
  7 25 72 13
  7 25 73 13
  7 25 74 13
  7 25 75 13
  7 25 76 13
  7 25 77 13
  7 25 78 13
  7 25 79 13
  7 25 80 13
  7 25 81 13
  7 25 82 13
  7 25 83 13
  7 25 84 13
  7 25 85 13
  7 25 86 13
  7 25 87 13
  7 25 88 13
  7 25 89 13
  7 25 90 13
  7 25 91 13
  7 25 92 13
  7 25 93 13
  7 25 94 13
  7 25 95 13
  7 25 96 13
  7 25 97 13
  7 25 98 13
  7 25 99 13
  7 25 100 13
  7 25 101 13
  7 25 102 13
  7 25 103 13
  7 25 104 13
  7 25 105 13
  7 25 106 13
  7 25 107 13
  7 25 108 13
  7 25 109 13
  7 25 110 13
  7 25 111 13
  7 25 112 13
  7 25 113 13
  7 25 114 13
  7 25 115 13
  7 25 116 13
  7 25 117 13
  7 25 118 13
  7 25 119 13
  7 25 120 13
  7 25 121 13
  7 25 122 13
  7 25 123 13
  7 25 124 13
  7 25 125 13
  7 25 126 13
  7 25 127 13
  7 25 128 13
  7 25 129 13
  7 25 130 13
  7 25 131 13
  7 25 132 13
  7 25 133 13
  7 25 134 13
  7 25 135 13
  7 25 136 13
  7 25 137 13
  7 25 138 13
  7 25 139 13
  7 25 140 13
  7 25 141 13
  7 25 142 13
  7 25 143 13
  7 25 144 13
  7 25 145 13
  7 25 146 13
  7 25 147 13
  7 25 148 13
  7 25 149 13
  7 26 20 13
  7 26 21 13
  7 26 22 13
  7 26 23 13
  7 26 24 13
  7 26 25 13
  7 26 26 13
  7 26 27 13
  7 26 28 13
  7 26 29 13
  7 26 30 13
  7 26 31 13
  7 26 32 13
  7 26 33 13
  7 26 34 13
  7 26 35 13
  7 26 36 13
  7 26 37 13
  7 26 38 13
  7 26 39 13
  7 26 40 13
  7 26 41 13
  7 26 42 13
  7 26 43 13
  7 26 44 13
  7 26 45 13
  7 26 46 13
  7 26 47 13
  7 26 48 13
  7 26 49 13
  7 26 50 13
  7 26 51 13
  7 26 52 13
  7 26 53 13
  7 26 54 13
  7 26 55 13
  7 26 56 13
  7 26 57 13
  7 26 58 13
  7 26 59 13
  7 26 60 13
  7 26 61 13
  7 26 62 13
  7 26 63 13
  7 26 64 13
  7 26 65 13
  7 26 66 13
  7 26 67 13
  7 26 68 13
  7 26 69 13
  7 26 70 13
  7 26 71 13
  7 26 72 13
  7 26 73 13
  7 26 74 13
  7 26 75 13
  7 26 76 13
  7 26 77 13
  7 26 78 13
  7 26 79 13
  7 26 80 13
  7 26 81 13
  7 26 82 13
  7 26 83 13
  7 26 84 13
  7 26 85 13
  7 26 86 13
  7 26 87 13
  7 26 88 13
  7 26 89 13
  7 26 90 13
  7 26 91 13
  7 26 92 13
  7 26 93 13
  7 26 94 13
  7 26 95 13
  7 26 96 13
  7 26 97 13
  7 26 98 13
  7 26 99 13
  7 26 100 13
  7 26 101 13
  7 26 102 13
  7 26 103 13
  7 26 104 13
  7 26 105 13
  7 26 106 13
  7 26 107 13
  7 26 108 13
  7 26 109 13
  7 26 110 13
  7 26 111 13
  7 26 112 13
  7 26 113 13
  7 26 114 13
  7 26 115 13
  7 26 116 13
  7 26 117 13
  7 26 118 13
  7 26 119 13
  7 26 120 13
  7 26 121 13
  7 26 122 13
  7 26 123 13
  7 26 124 13
  7 26 125 13
  7 26 126 13
  7 26 127 13
  7 26 128 13
  7 26 129 13
  7 26 130 13
  7 26 131 13
  7 26 132 13
  7 26 133 13
  7 26 134 13
  7 26 135 13
  7 26 136 13
  7 26 137 13
  7 26 138 13
  7 26 139 13
  7 26 140 13
  7 26 141 13
  7 26 142 13
  7 26 143 13
  7 26 144 13
  7 26 145 13
  7 26 146 13
  7 26 147 13
  7 26 148 13
  7 26 149 13
  7 27 20 13
  7 27 21 13
  7 27 22 13
  7 27 23 13
  7 27 24 13
  7 27 25 13
  7 27 26 13
  7 27 27 13
  7 27 28 13
  7 27 29 13
  7 27 30 13
  7 27 31 13
  7 27 32 13
  7 27 33 13
  7 27 34 13
  7 27 35 13
  7 27 36 13
  7 27 37 13
  7 27 38 13
  7 27 39 13
  7 27 40 13
  7 27 41 13
  7 27 42 13
  7 27 43 13
  7 27 44 13
  7 27 45 13
  7 27 46 13
  7 27 47 13
  7 27 48 13
  7 27 49 13
  7 27 50 13
  7 27 51 13
  7 27 52 13
  7 27 53 13
  7 27 54 13
  7 27 55 13
  7 27 56 13
  7 27 57 13
  7 27 58 13
  7 27 59 13
  7 27 60 13
  7 27 61 13
  7 27 62 13
  7 27 63 13
  7 27 64 13
  7 27 65 13
  7 27 66 13
  7 27 67 13
  7 27 68 13
  7 27 69 13
  7 27 70 13
  7 27 71 13
  7 27 72 13
  7 27 73 13
  7 27 74 13
  7 27 75 13
  7 27 76 13
  7 27 77 13
  7 27 78 13
  7 27 79 13
  7 27 80 13
  7 27 81 13
  7 27 82 13
  7 27 83 13
  7 27 84 13
  7 27 85 13
  7 27 86 13
  7 27 87 13
  7 27 88 13
  7 27 89 13
  7 27 90 13
  7 27 91 13
  7 27 92 13
  7 27 93 13
  7 27 94 13
  7 27 95 13
  7 27 96 13
  7 27 97 13
  7 27 98 13
  7 27 99 13
  7 27 100 13
  7 27 101 13
  7 27 102 13
  7 27 103 13
  7 27 104 13
  7 27 105 13
  7 27 106 13
  7 27 107 13
  7 27 108 13
  7 27 109 13
  7 27 110 13
  7 27 111 13
  7 27 112 13
  7 27 113 13
  7 27 114 13
  7 27 115 13
  7 27 116 13
  7 27 117 13
  7 27 118 13
  7 27 119 13
  7 27 120 13
  7 27 121 13
  7 27 122 13
  7 27 123 13
  7 27 124 13
  7 27 125 13
  7 27 126 13
  7 27 127 13
  7 27 128 13
  7 27 129 13
  7 27 130 13
  7 27 131 13
  7 27 132 13
  7 27 133 13
  7 27 134 13
  7 27 135 13
  7 27 136 13
  7 27 137 13
  7 27 138 13
  7 27 139 13
  7 27 140 13
  7 27 141 13
  7 27 142 13
  7 27 143 13
  7 27 144 13
  7 27 145 13
  7 27 146 13
  7 27 147 13
  7 27 148 13
  7 27 149 13
  7 28 20 13
  7 28 21 13
  7 28 22 13
  7 28 23 13
  7 28 24 13
  7 28 25 13
  7 28 26 13
  7 28 27 13
  7 28 28 13
  7 28 29 13
  7 28 30 13
  7 28 31 13
  7 28 32 13
  7 28 33 13
  7 28 34 13
  7 28 35 13
  7 28 36 13
  7 28 37 13
  7 28 38 13
  7 28 39 13
  7 28 40 13
  7 28 41 13
  7 28 42 13
  7 28 43 13
  7 28 44 13
  7 28 45 13
  7 28 46 13
  7 28 47 13
  7 28 48 13
  7 28 49 13
  7 28 50 13
  7 28 51 13
  7 28 52 13
  7 28 53 13
  7 28 54 13
  7 28 55 13
  7 28 56 13
  7 28 57 13
  7 28 58 13
  7 28 59 13
  7 28 60 13
  7 28 61 13
  7 28 62 13
  7 28 63 13
  7 28 64 13
  7 28 65 13
  7 28 66 13
  7 28 67 13
  7 28 68 13
  7 28 69 13
  7 28 70 13
  7 28 71 13
  7 28 72 13
  7 28 73 13
  7 28 74 13
  7 28 75 13
  7 28 76 13
  7 28 77 13
  7 28 78 13
  7 28 79 13
  7 28 80 13
  7 28 81 13
  7 28 82 13
  7 28 83 13
  7 28 84 13
  7 28 85 13
  7 28 86 13
  7 28 87 13
  7 28 88 13
  7 28 89 13
  7 28 90 13
  7 28 91 13
  7 28 92 13
  7 28 93 13
  7 28 94 13
  7 28 95 13
  7 28 96 13
  7 28 97 13
  7 28 98 13
  7 28 99 13
  7 28 100 13
  7 28 101 13
  7 28 102 13
  7 28 103 13
  7 28 104 13
  7 28 105 13
  7 28 106 13
  7 28 107 13
  7 28 108 13
  7 28 109 13
  7 28 110 13
  7 28 111 13
  7 28 112 13
  7 28 113 13
  7 28 114 13
  7 28 115 13
  7 28 116 13
  7 28 117 13
  7 28 118 13
  7 28 119 13
  7 28 120 13
  7 28 121 13
  7 28 122 13
  7 28 123 13
  7 28 124 13
  7 28 125 13
  7 28 126 13
  7 28 127 13
  7 28 128 13
  7 28 129 13
  7 28 130 13
  7 28 131 13
  7 28 132 13
  7 28 133 13
  7 28 134 13
  7 28 135 13
  7 28 136 13
  7 28 137 13
  7 28 138 13
  7 28 139 13
  7 28 140 13
  7 28 141 13
  7 28 142 13
  7 28 143 13
  7 28 144 13
  7 28 145 13
  7 28 146 13
  7 28 147 13
  7 28 148 13
  7 28 149 13
  7 29 19 13
  7 29 20 13
  7 29 21 13
  7 29 22 13
  7 29 23 13
  7 29 24 13
  7 29 25 13
  7 29 26 13
  7 29 27 13
  7 29 28 13
  7 29 29 13
  7 29 30 13
  7 29 31 13
  7 29 32 13
  7 29 33 13
  7 29 34 13
  7 29 35 13
  7 29 36 13
  7 29 37 13
  7 29 38 13
  7 29 39 13
  7 29 40 13
  7 29 41 13
  7 29 42 13
  7 29 43 13
  7 29 44 13
  7 29 45 13
  7 29 46 13
  7 29 47 13
  7 29 48 13
  7 29 49 13
  7 29 50 13
  7 29 51 13
  7 29 52 13
  7 29 53 13
  7 29 54 13
  7 29 55 13
  7 29 56 13
  7 29 57 13
  7 29 58 13
  7 29 59 13
  7 29 60 13
  7 29 61 13
  7 29 62 13
  7 29 63 13
  7 29 64 13
  7 29 65 13
  7 29 66 13
  7 29 67 13
  7 29 68 13
  7 29 69 13
  7 29 70 13
  7 29 71 13
  7 29 72 13
  7 29 73 13
  7 29 74 13
  7 29 75 13
  7 29 76 13
  7 29 77 13
  7 29 78 13
  7 29 79 13
  7 29 80 13
  7 29 81 13
  7 29 82 13
  7 29 83 13
  7 29 84 13
  7 29 85 13
  7 29 86 13
  7 29 87 13
  7 29 88 13
  7 29 89 13
  7 29 90 13
  7 29 91 13
  7 29 92 13
  7 29 93 13
  7 29 94 13
  7 29 95 13
  7 29 96 13
  7 29 97 13
  7 29 98 13
  7 29 99 13
  7 29 100 13
  7 29 101 13
  7 29 102 13
  7 29 103 13
  7 29 104 13
  7 29 105 13
  7 29 106 13
  7 29 107 13
  7 29 108 13
  7 29 109 13
  7 29 110 13
  7 29 111 13
  7 29 112 13
  7 29 113 13
  7 29 114 13
  7 29 115 13
  7 29 116 13
  7 29 117 13
  7 29 118 13
  7 29 119 13
  7 29 120 13
  7 29 121 13
  7 29 122 13
  7 29 123 13
  7 29 124 13
  7 29 125 13
  7 29 126 13
  7 29 127 13
  7 29 128 13
  7 29 129 13
  7 29 130 13
  7 29 131 13
  7 29 132 13
  7 29 133 13
  7 29 134 13
  7 29 135 13
  7 29 136 13
  7 29 137 13
  7 29 138 13
  7 29 139 13
  7 29 140 13
  7 29 141 13
  7 29 142 13
  7 29 143 13
  7 29 144 13
  7 29 145 13
  7 29 146 13
  7 29 147 13
  7 29 148 13
  7 29 149 13
  7 30 19 13
  7 30 20 13
  7 30 21 13
  7 30 22 13
  7 30 23 13
  7 30 24 13
  7 30 25 13
  7 30 26 13
  7 30 27 13
  7 30 28 13
  7 30 29 13
  7 30 30 13
  7 30 31 13
  7 30 32 13
  7 30 33 13
  7 30 34 13
  7 30 35 13
  7 30 36 13
  7 30 37 13
  7 30 38 13
  7 30 39 13
  7 30 40 13
  7 30 41 13
  7 30 42 13
  7 30 43 13
  7 30 44 13
  7 30 45 13
  7 30 46 13
  7 30 47 13
  7 30 48 13
  7 30 49 13
  7 30 50 13
  7 30 51 13
  7 30 52 13
  7 30 53 13
  7 30 54 13
  7 30 55 13
  7 30 56 13
  7 30 57 13
  7 30 58 13
  7 30 59 13
  7 30 60 13
  7 30 61 13
  7 30 62 13
  7 30 63 13
  7 30 64 13
  7 30 65 13
  7 30 66 13
  7 30 67 13
  7 30 68 13
  7 30 69 13
  7 30 70 13
  7 30 71 13
  7 30 72 13
  7 30 73 13
  7 30 74 13
  7 30 75 13
  7 30 76 13
  7 30 77 13
  7 30 78 13
  7 30 79 13
  7 30 80 13
  7 30 81 13
  7 30 82 13
  7 30 83 13
  7 30 84 13
  7 30 85 13
  7 30 86 13
  7 30 87 13
  7 30 88 13
  7 30 89 13
  7 30 90 13
  7 30 91 13
  7 30 92 13
  7 30 93 13
  7 30 94 13
  7 30 95 13
  7 30 96 13
  7 30 97 13
  7 30 98 13
  7 30 99 13
  7 30 100 13
  7 30 101 13
  7 30 102 13
  7 30 103 13
  7 30 104 13
  7 30 105 13
  7 30 106 13
  7 30 107 13
  7 30 108 13
  7 30 109 13
  7 30 110 13
  7 30 111 13
  7 30 112 13
  7 30 113 13
  7 30 114 13
  7 30 115 13
  7 30 116 13
  7 30 117 13
  7 30 118 13
  7 30 119 13
  7 30 120 13
  7 30 121 13
  7 30 122 13
  7 30 123 13
  7 30 124 13
  7 30 125 13
  7 30 126 13
  7 30 127 13
  7 30 128 13
  7 30 129 13
  7 30 130 13
  7 30 131 13
  7 30 132 13
  7 30 133 13
  7 30 134 13
  7 30 135 13
  7 30 136 13
  7 30 137 13
  7 30 138 13
  7 30 139 13
  7 30 140 13
  7 30 141 13
  7 30 142 13
  7 30 143 13
  7 30 144 13
  7 30 145 13
  7 30 146 13
  7 30 147 13
  7 30 148 13
  7 30 149 13
  7 31 18 13
  7 31 19 13
  7 31 20 13
  7 31 21 13
  7 31 22 13
  7 31 23 13
  7 31 24 13
  7 31 25 13
  7 31 26 13
  7 31 27 13
  7 31 28 13
  7 31 29 13
  7 31 30 13
  7 31 31 13
  7 31 32 13
  7 31 33 13
  7 31 34 13
  7 31 35 13
  7 31 36 13
  7 31 37 13
  7 31 38 13
  7 31 39 13
  7 31 40 13
  7 31 41 13
  7 31 42 13
  7 31 43 13
  7 31 44 13
  7 31 45 13
  7 31 46 13
  7 31 47 13
  7 31 48 13
  7 31 49 13
  7 31 50 13
  7 31 51 13
  7 31 52 13
  7 31 53 13
  7 31 54 13
  7 31 55 13
  7 31 56 13
  7 31 57 13
  7 31 58 13
  7 31 59 13
  7 31 60 13
  7 31 61 13
  7 31 62 13
  7 31 63 13
  7 31 64 13
  7 31 65 13
  7 31 66 13
  7 31 67 13
  7 31 68 13
  7 31 69 13
  7 31 70 13
  7 31 71 13
  7 31 72 13
  7 31 73 13
  7 31 74 13
  7 31 75 13
  7 31 76 13
  7 31 77 13
  7 31 78 13
  7 31 79 13
  7 31 80 13
  7 31 81 13
  7 31 82 13
  7 31 83 13
  7 31 84 13
  7 31 85 13
  7 31 86 13
  7 31 87 13
  7 31 88 13
  7 31 89 13
  7 31 90 13
  7 31 91 13
  7 31 92 13
  7 31 93 13
  7 31 94 13
  7 31 95 13
  7 31 96 13
  7 31 97 13
  7 31 98 13
  7 31 99 13
  7 31 100 13
  7 31 101 13
  7 31 102 13
  7 31 103 13
  7 31 104 13
  7 31 105 13
  7 31 106 13
  7 31 107 13
  7 31 108 13
  7 31 109 13
  7 31 110 13
  7 31 111 13
  7 31 112 13
  7 31 113 13
  7 31 114 13
  7 31 115 13
  7 31 116 13
  7 31 117 13
  7 31 118 13
  7 31 119 13
  7 31 120 13
  7 31 121 13
  7 31 122 13
  7 31 123 13
  7 31 124 13
  7 31 125 13
  7 31 126 13
  7 31 127 13
  7 31 128 13
  7 31 129 13
  7 31 130 13
  7 31 131 13
  7 31 132 13
  7 31 133 13
  7 31 134 13
  7 31 135 13
  7 31 136 13
  7 31 137 13
  7 31 138 13
  7 31 139 13
  7 31 140 13
  7 31 141 13
  7 31 142 13
  7 31 143 13
  7 31 144 13
  7 31 145 13
  7 31 146 13
  7 31 147 13
  7 31 148 13
  7 31 149 13
  7 32 18 13
  7 32 19 13
  7 32 20 13
  7 32 21 13
  7 32 22 13
  7 32 23 13
  7 32 24 13
  7 32 25 13
  7 32 26 13
  7 32 27 13
  7 32 28 13
  7 32 29 13
  7 32 30 13
  7 32 31 13
  7 32 32 13
  7 32 33 13
  7 32 34 13
  7 32 35 13
  7 32 36 13
  7 32 37 13
  7 32 38 13
  7 32 39 13
  7 32 40 13
  7 32 41 13
  7 32 42 13
  7 32 43 13
  7 32 44 13
  7 32 45 13
  7 32 46 13
  7 32 47 13
  7 32 48 13
  7 32 49 13
  7 32 50 13
  7 32 51 13
  7 32 52 13
  7 32 53 13
  7 32 54 13
  7 32 55 13
  7 32 56 13
  7 32 57 13
  7 32 58 13
  7 32 59 13
  7 32 60 13
  7 32 61 13
  7 32 62 13
  7 32 63 13
  7 32 64 13
  7 32 65 13
  7 32 66 13
  7 32 67 13
  7 32 68 13
  7 32 69 13
  7 32 70 13
  7 32 71 13
  7 32 72 13
  7 32 73 13
  7 32 74 13
  7 32 75 13
  7 32 76 13
  7 32 77 13
  7 32 78 13
  7 32 79 13
  7 32 80 13
  7 32 81 13
  7 32 82 13
  7 32 83 13
  7 32 84 13
  7 32 85 13
  7 32 86 13
  7 32 87 13
  7 32 88 13
  7 32 89 13
  7 32 90 13
  7 32 91 13
  7 32 92 13
  7 32 93 13
  7 32 94 13
  7 32 95 13
  7 32 96 13
  7 32 97 13
  7 32 98 13
  7 32 99 13
  7 32 100 13
  7 32 101 13
  7 32 102 13
  7 32 103 13
  7 32 104 13
  7 32 105 13
  7 32 106 13
  7 32 107 13
  7 32 108 13
  7 32 109 13
  7 32 110 13
  7 32 111 13
  7 32 112 13
  7 32 113 13
  7 32 114 13
  7 32 115 13
  7 32 116 13
  7 32 117 13
  7 32 118 13
  7 32 119 13
  7 32 120 13
  7 32 121 13
  7 32 122 13
  7 32 123 13
  7 32 124 13
  7 32 125 13
  7 32 126 13
  7 32 127 13
  7 32 128 13
  7 32 129 13
  7 32 130 13
  7 32 131 13
  7 32 132 13
  7 32 133 13
  7 32 134 13
  7 32 135 13
  7 32 136 13
  7 32 137 13
  7 32 138 13
  7 32 139 13
  7 32 140 13
  7 32 141 13
  7 32 142 13
  7 32 143 13
  7 32 144 13
  7 32 145 13
  7 32 146 13
  7 32 147 13
  7 32 148 13
  7 32 149 13
  7 33 17 13
  7 33 18 13
  7 33 19 13
  7 33 20 13
  7 33 21 13
  7 33 22 13
  7 33 23 13
  7 33 24 13
  7 33 25 13
  7 33 26 13
  7 33 27 13
  7 33 28 13
  7 33 29 13
  7 33 30 13
  7 33 31 13
  7 33 32 13
  7 33 33 13
  7 33 34 13
  7 33 35 13
  7 33 36 13
  7 33 37 13
  7 33 38 13
  7 33 39 13
  7 33 40 13
  7 33 41 13
  7 33 42 13
  7 33 43 13
  7 33 44 13
  7 33 45 13
  7 33 46 13
  7 33 47 13
  7 33 48 13
  7 33 49 13
  7 33 50 13
  7 33 51 13
  7 33 52 13
  7 33 53 13
  7 33 54 13
  7 33 55 13
  7 33 56 13
  7 33 57 13
  7 33 58 13
  7 33 59 13
  7 33 60 13
  7 33 61 13
  7 33 62 13
  7 33 63 13
  7 33 64 13
  7 33 65 13
  7 33 66 13
  7 33 67 13
  7 33 68 13
  7 33 69 13
  7 33 70 13
  7 33 71 13
  7 33 72 13
  7 33 73 13
  7 33 74 13
  7 33 75 13
  7 33 76 13
  7 33 77 13
  7 33 78 13
  7 33 79 13
  7 33 80 13
  7 33 81 13
  7 33 82 13
  7 33 83 13
  7 33 84 13
  7 33 85 13
  7 33 86 13
  7 33 87 13
  7 33 88 13
  7 33 89 13
  7 33 90 13
  7 33 91 13
  7 33 92 13
  7 33 93 13
  7 33 94 13
  7 33 95 13
  7 33 96 13
  7 33 97 13
  7 33 98 13
  7 33 99 13
  7 33 100 13
  7 33 101 13
  7 33 102 13
  7 33 103 13
  7 33 104 13
  7 33 105 13
  7 33 106 13
  7 33 107 13
  7 33 108 13
  7 33 109 13
  7 33 110 13
  7 33 111 13
  7 33 112 13
  7 33 113 13
  7 33 114 13
  7 33 115 13
  7 33 116 13
  7 33 117 13
  7 33 118 13
  7 33 119 13
  7 33 120 13
  7 33 121 13
  7 33 122 13
  7 33 123 13
  7 33 124 13
  7 33 125 13
  7 33 126 13
  7 33 127 13
  7 33 128 13
  7 33 129 13
  7 33 130 13
  7 33 131 13
  7 33 132 13
  7 33 133 13
  7 33 134 13
  7 33 135 13
  7 33 136 13
  7 33 137 13
  7 33 138 13
  7 33 139 13
  7 33 140 13
  7 33 141 13
  7 33 142 13
  7 33 143 13
  7 33 144 13
  7 33 145 13
  7 33 146 13
  7 33 147 13
  7 33 148 13
  7 33 149 13
  7 34 17 13
  7 34 18 13
  7 34 19 13
  7 34 20 13
  7 34 21 13
  7 34 22 13
  7 34 23 13
  7 34 24 13
  7 34 25 13
  7 34 26 13
  7 34 27 13
  7 34 28 13
  7 34 29 13
  7 34 30 13
  7 34 31 13
  7 34 32 13
  7 34 33 13
  7 34 34 13
  7 34 35 13
  7 34 36 13
  7 34 37 13
  7 34 38 13
  7 34 39 13
  7 34 40 13
  7 34 41 13
  7 34 42 13
  7 34 43 13
  7 34 44 13
  7 34 45 13
  7 34 46 13
  7 34 47 13
  7 34 48 13
  7 34 49 13
  7 34 50 13
  7 34 51 13
  7 34 52 13
  7 34 53 13
  7 34 54 13
  7 34 55 13
  7 34 56 13
  7 34 57 13
  7 34 58 13
  7 34 59 13
  7 34 60 13
  7 34 61 13
  7 34 62 13
  7 34 63 13
  7 34 64 13
  7 34 65 13
  7 34 66 13
  7 34 67 13
  7 34 68 13
  7 34 69 13
  7 34 70 13
  7 34 71 13
  7 34 72 13
  7 34 73 13
  7 34 74 13
  7 34 75 13
  7 34 76 13
  7 34 77 13
  7 34 78 13
  7 34 79 13
  7 34 80 13
  7 34 81 13
  7 34 82 13
  7 34 83 13
  7 34 84 13
  7 34 85 13
  7 34 86 13
  7 34 87 13
  7 34 88 13
  7 34 89 13
  7 34 90 13
  7 34 91 13
  7 34 92 13
  7 34 93 13
  7 34 94 13
  7 34 95 13
  7 34 96 13
  7 34 97 13
  7 34 98 13
  7 34 99 13
  7 34 100 13
  7 34 101 13
  7 34 102 13
  7 34 103 13
  7 34 104 13
  7 34 105 13
  7 34 106 13
  7 34 107 13
  7 34 108 13
  7 34 109 13
  7 34 110 13
  7 34 111 13
  7 34 112 13
  7 34 113 13
  7 34 114 13
  7 34 115 13
  7 34 116 13
  7 34 117 13
  7 34 118 13
  7 34 119 13
  7 34 120 13
  7 34 121 13
  7 34 122 13
  7 34 123 13
  7 34 124 13
  7 34 125 13
  7 34 126 13
  7 34 127 13
  7 34 128 13
  7 34 129 13
  7 34 130 13
  7 34 131 13
  7 34 132 13
  7 34 133 13
  7 34 134 13
  7 34 135 13
  7 34 136 13
  7 34 137 13
  7 34 138 13
  7 34 139 13
  7 34 140 13
  7 34 141 13
  7 34 142 13
  7 34 143 13
  7 34 144 13
  7 34 145 13
  7 34 146 13
  7 34 147 13
  7 34 148 13
  7 34 149 13
  7 35 16 13
  7 35 17 13
  7 35 18 13
  7 35 19 13
  7 35 20 13
  7 35 21 13
  7 35 22 13
  7 35 23 13
  7 35 24 13
  7 35 25 13
  7 35 26 13
  7 35 27 13
  7 35 28 13
  7 35 29 13
  7 35 30 13
  7 35 31 13
  7 35 32 13
  7 35 33 13
  7 35 34 13
  7 35 35 13
  7 35 36 13
  7 35 37 13
  7 35 38 13
  7 35 39 13
  7 35 40 13
  7 35 41 13
  7 35 42 13
  7 35 43 13
  7 35 44 13
  7 35 45 13
  7 35 46 13
  7 35 47 13
  7 35 48 13
  7 35 49 13
  7 35 50 13
  7 35 51 13
  7 35 52 13
  7 35 53 13
  7 35 54 13
  7 35 55 13
  7 35 56 13
  7 35 57 13
  7 35 58 13
  7 35 59 13
  7 35 60 13
  7 35 61 13
  7 35 62 13
  7 35 63 13
  7 35 64 13
  7 35 65 13
  7 35 66 13
  7 35 67 13
  7 35 68 13
  7 35 69 13
  7 35 70 13
  7 35 71 13
  7 35 72 13
  7 35 73 13
  7 35 74 13
  7 35 75 13
  7 35 76 13
  7 35 77 13
  7 35 78 13
  7 35 79 13
  7 35 80 13
  7 35 81 13
  7 35 82 13
  7 35 83 13
  7 35 84 13
  7 35 85 13
  7 35 86 13
  7 35 87 13
  7 35 88 13
  7 35 89 13
  7 35 90 13
  7 35 91 13
  7 35 92 13
  7 35 93 13
  7 35 94 13
  7 35 95 13
  7 35 96 13
  7 35 97 13
  7 35 98 13
  7 35 99 13
  7 35 100 13
  7 35 101 13
  7 35 102 13
  7 35 103 13
  7 35 104 13
  7 35 105 13
  7 35 106 13
  7 35 107 13
  7 35 108 13
  7 35 109 13
  7 35 110 13
  7 35 111 13
  7 35 112 13
  7 35 113 13
  7 35 114 13
  7 35 115 13
  7 35 116 13
  7 35 117 13
  7 35 118 13
  7 35 119 13
  7 35 120 13
  7 35 121 13
  7 35 122 13
  7 35 123 13
  7 35 124 13
  7 35 125 13
  7 35 126 13
  7 35 127 13
  7 35 128 13
  7 35 129 13
  7 35 130 13
  7 35 131 13
  7 35 132 13
  7 35 133 13
  7 35 134 13
  7 35 135 13
  7 35 136 13
  7 35 137 13
  7 35 138 13
  7 35 139 13
  7 35 140 13
  7 35 141 13
  7 35 142 13
  7 35 143 13
  7 35 144 13
  7 35 145 13
  7 35 146 13
  7 35 147 13
  7 35 148 13
  7 35 149 13
  7 36 16 13
  7 36 17 13
  7 36 18 13
  7 36 19 13
  7 36 20 13
  7 36 21 13
  7 36 22 13
  7 36 23 13
  7 36 24 13
  7 36 25 13
  7 36 26 13
  7 36 27 13
  7 36 28 13
  7 36 29 13
  7 36 30 13
  7 36 31 13
  7 36 32 13
  7 36 33 13
  7 36 34 13
  7 36 35 13
  7 36 36 13
  7 36 37 13
  7 36 38 13
  7 36 39 13
  7 36 40 13
  7 36 41 13
  7 36 42 13
  7 36 43 13
  7 36 44 13
  7 36 45 13
  7 36 46 13
  7 36 47 13
  7 36 48 13
  7 36 49 13
  7 36 50 13
  7 36 51 13
  7 36 52 13
  7 36 53 13
  7 36 54 13
  7 36 55 13
  7 36 56 13
  7 36 57 13
  7 36 58 13
  7 36 59 13
  7 36 60 13
  7 36 61 13
  7 36 62 13
  7 36 63 13
  7 36 64 13
  7 36 65 13
  7 36 66 13
  7 36 67 13
  7 36 68 13
  7 36 69 13
  7 36 70 13
  7 36 71 13
  7 36 72 13
  7 36 73 13
  7 36 74 13
  7 36 75 13
  7 36 76 13
  7 36 77 13
  7 36 78 13
  7 36 79 13
  7 36 80 13
  7 36 81 13
  7 36 82 13
  7 36 83 13
  7 36 84 13
  7 36 85 13
  7 36 86 13
  7 36 87 13
  7 36 88 13
  7 36 89 13
  7 36 90 13
  7 36 91 13
  7 36 92 13
  7 36 93 13
  7 36 94 13
  7 36 95 13
  7 36 96 13
  7 36 97 13
  7 36 98 13
  7 36 99 13
  7 36 100 13
  7 36 101 13
  7 36 102 13
  7 36 103 13
  7 36 104 13
  7 36 105 13
  7 36 106 13
  7 36 107 13
  7 36 108 13
  7 36 109 13
  7 36 110 13
  7 36 111 13
  7 36 112 13
  7 36 113 13
  7 36 114 13
  7 36 115 13
  7 36 116 13
  7 36 117 13
  7 36 118 13
  7 36 119 13
  7 36 120 13
  7 36 121 13
  7 36 122 13
  7 36 123 13
  7 36 124 13
  7 36 125 13
  7 36 126 13
  7 36 127 13
  7 36 128 13
  7 36 129 13
  7 36 130 13
  7 36 131 13
  7 36 132 13
  7 36 133 13
  7 36 134 13
  7 36 135 13
  7 36 136 13
  7 36 137 13
  7 36 138 13
  7 36 139 13
  7 36 140 13
  7 36 141 13
  7 36 142 13
  7 36 143 13
  7 36 144 13
  7 36 145 13
  7 36 146 13
  7 36 147 13
  7 36 148 13
  7 36 149 13
  7 37 15 13
  7 37 16 13
  7 37 17 13
  7 37 18 13
  7 37 19 13
  7 37 20 13
  7 37 21 13
  7 37 22 13
  7 37 23 13
  7 37 24 13
  7 37 25 13
  7 37 26 13
  7 37 27 13
  7 37 28 13
  7 37 29 13
  7 37 30 13
  7 37 31 13
  7 37 32 13
  7 37 33 13
  7 37 34 13
  7 37 35 13
  7 37 36 13
  7 37 37 13
  7 37 38 13
  7 37 39 13
  7 37 40 13
  7 37 41 13
  7 37 42 13
  7 37 43 13
  7 37 44 13
  7 37 45 13
  7 37 46 13
  7 37 47 13
  7 37 48 13
  7 37 49 13
  7 37 50 13
  7 37 51 13
  7 37 52 13
  7 37 53 13
  7 37 54 13
  7 37 55 13
  7 37 56 13
  7 37 57 13
  7 37 58 13
  7 37 59 13
  7 37 60 13
  7 37 61 13
  7 37 62 13
  7 37 63 13
  7 37 64 13
  7 37 65 13
  7 37 66 13
  7 37 67 13
  7 37 68 13
  7 37 69 13
  7 37 70 13
  7 37 71 13
  7 37 72 13
  7 37 73 13
  7 37 74 13
  7 37 75 13
  7 37 76 13
  7 37 77 13
  7 37 78 13
  7 37 79 13
  7 37 80 13
  7 37 81 13
  7 37 82 13
  7 37 83 13
  7 37 84 13
  7 37 85 13
  7 37 86 13
  7 37 87 13
  7 37 88 13
  7 37 89 13
  7 37 90 13
  7 37 91 13
  7 37 92 13
  7 37 93 13
  7 37 94 13
  7 37 95 13
  7 37 96 13
  7 37 97 13
  7 37 98 13
  7 37 99 13
  7 37 100 13
  7 37 101 13
  7 37 102 13
  7 37 103 13
  7 37 104 13
  7 37 105 13
  7 37 106 13
  7 37 107 13
  7 37 108 13
  7 37 109 13
  7 37 110 13
  7 37 111 13
  7 37 112 13
  7 37 113 13
  7 37 114 13
  7 37 115 13
  7 37 116 13
  7 37 117 13
  7 37 118 13
  7 37 119 13
  7 37 120 13
  7 37 121 13
  7 37 122 13
  7 37 123 13
  7 37 124 13
  7 37 125 13
  7 37 126 13
  7 37 127 13
  7 37 128 13
  7 37 129 13
  7 37 130 13
  7 37 131 13
  7 37 132 13
  7 37 133 13
  7 37 134 13
  7 37 135 13
  7 37 136 13
  7 37 137 13
  7 37 138 13
  7 37 139 13
  7 37 140 13
  7 37 141 13
  7 37 142 13
  7 37 143 13
  7 37 144 13
  7 37 145 13
  7 37 146 13
  7 37 147 13
  7 37 148 13
  7 37 149 13
  7 38 15 13
  7 38 16 13
  7 38 17 13
  7 38 18 13
  7 38 19 13
  7 38 20 13
  7 38 21 13
  7 38 22 13
  7 38 23 13
  7 38 24 13
  7 38 25 13
  7 38 26 13
  7 38 27 13
  7 38 28 13
  7 38 29 13
  7 38 30 13
  7 38 31 13
  7 38 32 13
  7 38 33 13
  7 38 34 13
  7 38 35 13
  7 38 36 13
  7 38 37 13
  7 38 38 13
  7 38 39 13
  7 38 40 13
  7 38 41 13
  7 38 42 13
  7 38 43 13
  7 38 44 13
  7 38 45 13
  7 38 46 13
  7 38 47 13
  7 38 48 13
  7 38 49 13
  7 38 50 13
  7 38 51 13
  7 38 52 13
  7 38 53 13
  7 38 54 13
  7 38 55 13
  7 38 56 13
  7 38 57 13
  7 38 58 13
  7 38 59 13
  7 38 60 13
  7 38 61 13
  7 38 62 13
  7 38 63 13
  7 38 64 13
  7 38 65 13
  7 38 66 13
  7 38 67 13
  7 38 68 13
  7 38 69 13
  7 38 70 13
  7 38 71 13
  7 38 72 13
  7 38 73 13
  7 38 74 13
  7 38 75 13
  7 38 76 13
  7 38 77 13
  7 38 78 13
  7 38 79 13
  7 38 80 13
  7 38 81 13
  7 38 82 13
  7 38 83 13
  7 38 84 13
  7 38 85 13
  7 38 86 13
  7 38 87 13
  7 38 88 13
  7 38 89 13
  7 38 90 13
  7 38 91 13
  7 38 92 13
  7 38 93 13
  7 38 94 13
  7 38 95 13
  7 38 96 13
  7 38 97 13
  7 38 98 13
  7 38 99 13
  7 38 100 13
  7 38 101 13
  7 38 102 13
  7 38 103 13
  7 38 104 13
  7 38 105 13
  7 38 106 13
  7 38 107 13
  7 38 108 13
  7 38 109 13
  7 38 110 13
  7 38 111 13
  7 38 112 13
  7 38 113 13
  7 38 114 13
  7 38 115 13
  7 38 116 13
  7 38 117 13
  7 38 118 13
  7 38 119 13
  7 38 120 13
  7 38 121 13
  7 38 122 13
  7 38 123 13
  7 38 124 13
  7 38 125 13
  7 38 126 13
  7 38 127 13
  7 38 128 13
  7 38 129 13
  7 38 130 13
  7 38 131 13
  7 38 132 13
  7 38 133 13
  7 38 134 13
  7 38 135 13
  7 38 136 13
  7 38 137 13
  7 38 138 13
  7 38 139 13
  7 38 140 13
  7 38 141 13
  7 38 142 13
  7 38 143 13
  7 38 144 13
  7 38 145 13
  7 38 146 13
  7 38 147 13
  7 38 148 13
  7 38 149 13
  7 39 15 13
  7 39 16 13
  7 39 17 13
  7 39 18 13
  7 39 19 13
  7 39 20 13
  7 39 21 13
  7 39 22 13
  7 39 23 13
  7 39 24 13
  7 39 25 13
  7 39 26 13
  7 39 27 13
  7 39 28 13
  7 39 29 13
  7 39 30 13
  7 39 31 13
  7 39 32 13
  7 39 33 13
  7 39 34 13
  7 39 35 13
  7 39 36 13
  7 39 37 13
  7 39 38 13
  7 39 39 13
  7 39 40 13
  7 39 41 13
  7 39 42 13
  7 39 43 13
  7 39 44 13
  7 39 45 13
  7 39 46 13
  7 39 47 13
  7 39 48 13
  7 39 49 13
  7 39 50 13
  7 39 51 13
  7 39 52 13
  7 39 53 13
  7 39 54 13
  7 39 55 13
  7 39 56 13
  7 39 57 13
  7 39 58 13
  7 39 59 13
  7 39 60 13
  7 39 61 13
  7 39 62 13
  7 39 63 13
  7 39 64 13
  7 39 65 13
  7 39 66 13
  7 39 67 13
  7 39 68 13
  7 39 69 13
  7 39 70 13
  7 39 71 13
  7 39 72 13
  7 39 73 13
  7 39 74 13
  7 39 75 13
  7 39 76 13
  7 39 77 13
  7 39 78 13
  7 39 79 13
  7 39 80 13
  7 39 81 13
  7 39 82 13
  7 39 83 13
  7 39 84 13
  7 39 85 13
  7 39 86 13
  7 39 87 13
  7 39 88 13
  7 39 89 13
  7 39 90 13
  7 39 91 13
  7 39 92 13
  7 39 93 13
  7 39 94 13
  7 39 95 13
  7 39 96 13
  7 39 97 13
  7 39 98 13
  7 39 99 13
  7 39 100 13
  7 39 101 13
  7 39 102 13
  7 39 103 13
  7 39 104 13
  7 39 105 13
  7 39 106 13
  7 39 107 13
  7 39 108 13
  7 39 109 13
  7 39 110 13
  7 39 111 13
  7 39 112 13
  7 39 113 13
  7 39 114 13
  7 39 115 13
  7 39 116 13
  7 39 117 13
  7 39 118 13
  7 39 119 13
  7 39 120 13
  7 39 121 13
  7 39 122 13
  7 39 123 13
  7 39 124 13
  7 39 125 13
  7 39 126 13
  7 39 127 13
  7 39 128 13
  7 39 129 13
  7 39 130 13
  7 39 131 13
  7 39 132 13
  7 39 133 13
  7 39 134 13
  7 39 135 13
  7 39 136 13
  7 39 137 13
  7 39 138 13
  7 39 139 13
  7 39 140 13
  7 39 141 13
  7 39 142 13
  7 39 143 13
  7 39 144 13
  7 39 145 13
  7 39 146 13
  7 39 147 13
  7 39 148 13
  7 39 149 13
  7 40 14 13
  7 40 15 13
  7 40 16 13
  7 40 17 13
  7 40 18 13
  7 40 19 13
  7 40 20 13
  7 40 21 13
  7 40 22 13
  7 40 23 13
  7 40 24 13
  7 40 25 13
  7 40 26 13
  7 40 27 13
  7 40 28 13
  7 40 29 13
  7 40 30 13
  7 40 31 13
  7 40 32 13
  7 40 33 13
  7 40 34 13
  7 40 35 13
  7 40 36 13
  7 40 37 13
  7 40 38 13
  7 40 39 13
  7 40 40 13
  7 40 41 13
  7 40 42 13
  7 40 43 13
  7 40 44 13
  7 40 45 13
  7 40 46 13
  7 40 47 13
  7 40 48 13
  7 40 49 13
  7 40 50 13
  7 40 51 13
  7 40 52 13
  7 40 53 13
  7 40 54 13
  7 40 55 13
  7 40 56 13
  7 40 57 13
  7 40 58 13
  7 40 59 13
  7 40 60 13
  7 40 61 13
  7 40 62 13
  7 40 63 13
  7 40 64 13
  7 40 65 13
  7 40 66 13
  7 40 67 13
  7 40 68 13
  7 40 69 13
  7 40 70 13
  7 40 71 13
  7 40 72 13
  7 40 73 13
  7 40 74 13
  7 40 75 13
  7 40 76 13
  7 40 77 13
  7 40 78 13
  7 40 79 13
  7 40 80 13
  7 40 81 13
  7 40 82 13
  7 40 83 13
  7 40 84 13
  7 40 85 13
  7 40 86 13
  7 40 87 13
  7 40 88 13
  7 40 89 13
  7 40 90 13
  7 40 91 13
  7 40 92 13
  7 40 93 13
  7 40 94 13
  7 40 95 13
  7 40 96 13
  7 40 97 13
  7 40 98 13
  7 40 99 13
  7 40 100 13
  7 40 101 13
  7 40 102 13
  7 40 103 13
  7 40 104 13
  7 40 105 13
  7 40 106 13
  7 40 107 13
  7 40 124 13
  7 40 125 13
  7 40 126 13
  7 40 127 13
  7 40 128 13
  7 40 129 13
  7 40 130 13
  7 40 131 13
  7 40 132 13
  7 40 133 13
  7 40 134 13
  7 40 135 13
  7 40 136 13
  7 40 137 13
  7 40 138 13
  7 40 139 13
  7 40 140 13
  7 40 141 13
  7 40 142 13
  7 40 143 13
  7 40 144 13
  7 40 145 13
  7 40 146 13
  7 40 147 13
  7 40 148 13
  7 40 149 13
  7 41 14 13
  7 41 15 13
  7 41 16 13
  7 41 17 13
  7 41 18 13
  7 41 19 13
  7 41 20 13
  7 41 21 13
  7 41 22 13
  7 41 23 13
  7 41 24 13
  7 41 25 13
  7 41 26 13
  7 41 27 13
  7 41 28 13
  7 41 29 13
  7 41 30 13
  7 41 31 13
  7 41 32 13
  7 41 33 13
  7 41 34 13
  7 41 35 13
  7 41 36 13
  7 41 37 13
  7 41 38 13
  7 41 39 13
  7 41 40 13
  7 41 41 13
  7 41 42 13
  7 41 43 13
  7 41 44 13
  7 41 45 13
  7 41 46 13
  7 41 47 13
  7 41 48 13
  7 41 49 13
  7 41 50 13
  7 41 51 13
  7 41 52 13
  7 41 53 13
  7 41 54 13
  7 41 55 13
  7 41 56 13
  7 41 57 13
  7 41 58 13
  7 41 59 13
  7 41 60 13
  7 41 61 13
  7 41 62 13
  7 41 63 13
  7 41 64 13
  7 41 65 13
  7 41 66 13
  7 41 67 13
  7 41 68 13
  7 41 69 13
  7 41 70 13
  7 41 71 13
  7 41 72 13
  7 41 73 13
  7 41 74 13
  7 41 75 13
  7 41 76 13
  7 41 77 13
  7 41 78 13
  7 41 79 13
  7 41 80 13
  7 41 81 13
  7 41 82 13
  7 41 83 13
  7 41 84 13
  7 41 85 13
  7 41 86 13
  7 41 87 13
  7 41 88 13
  7 41 89 13
  7 41 90 13
  7 41 91 13
  7 41 92 13
  7 41 93 13
  7 41 94 13
  7 41 95 13
  7 41 96 13
  7 41 97 13
  7 41 98 13
  7 41 99 13
  7 41 100 13
  7 41 101 13
  7 41 102 13
  7 41 103 13
  7 41 104 13
  7 41 105 13
  7 41 106 13
  7 41 107 13
  7 41 127 13
  7 41 128 13
  7 41 129 13
  7 41 130 13
  7 41 131 13
  7 41 132 13
  7 41 133 13
  7 41 134 13
  7 41 135 13
  7 41 136 13
  7 41 137 13
  7 41 138 13
  7 41 139 13
  7 41 140 13
  7 41 141 13
  7 41 142 13
  7 41 143 13
  7 41 144 13
  7 41 145 13
  7 41 146 13
  7 41 147 13
  7 41 148 13
  7 41 149 13
  7 42 13 13
  7 42 14 13
  7 42 15 13
  7 42 16 13
  7 42 17 13
  7 42 18 13
  7 42 19 13
  7 42 20 13
  7 42 21 13
  7 42 22 13
  7 42 23 13
  7 42 24 13
  7 42 25 13
  7 42 26 13
  7 42 27 13
  7 42 28 13
  7 42 29 13
  7 42 30 13
  7 42 31 13
  7 42 32 13
  7 42 33 13
  7 42 34 13
  7 42 35 13
  7 42 36 13
  7 42 37 13
  7 42 38 13
  7 42 39 13
  7 42 40 13
  7 42 41 13
  7 42 42 13
  7 42 43 13
  7 42 44 13
  7 42 45 13
  7 42 46 13
  7 42 47 13
  7 42 48 13
  7 42 49 13
  7 42 50 13
  7 42 51 13
  7 42 52 13
  7 42 53 13
  7 42 54 13
  7 42 55 13
  7 42 56 13
  7 42 57 13
  7 42 58 13
  7 42 59 13
  7 42 60 13
  7 42 61 13
  7 42 62 13
  7 42 63 13
  7 42 64 13
  7 42 65 13
  7 42 66 13
  7 42 67 13
  7 42 68 13
  7 42 69 13
  7 42 70 13
  7 42 71 13
  7 42 72 13
  7 42 73 13
  7 42 74 13
  7 42 75 13
  7 42 76 13
  7 42 77 13
  7 42 78 13
  7 42 79 13
  7 42 80 13
  7 42 81 13
  7 42 82 13
  7 42 83 13
  7 42 84 13
  7 42 85 13
  7 42 86 13
  7 42 87 13
  7 42 88 13
  7 42 89 13
  7 42 90 13
  7 42 91 13
  7 42 92 13
  7 42 93 13
  7 42 94 13
  7 42 95 13
  7 42 96 13
  7 42 97 13
  7 42 98 13
  7 42 99 13
  7 42 100 13
  7 42 101 13
  7 42 102 13
  7 42 103 13
  7 42 104 13
  7 42 105 13
  7 42 106 13
  7 42 130 13
  7 42 131 13
  7 42 132 13
  7 42 133 13
  7 42 134 13
  7 42 135 13
  7 42 136 13
  7 42 137 13
  7 42 138 13
  7 42 139 13
  7 42 140 13
  7 42 141 13
  7 42 142 13
  7 42 143 13
  7 42 144 13
  7 42 145 13
  7 42 146 13
  7 42 147 13
  7 42 148 13
  7 42 149 13
  7 43 13 13
  7 43 14 13
  7 43 15 13
  7 43 16 13
  7 43 17 13
  7 43 18 13
  7 43 19 13
  7 43 20 13
  7 43 21 13
  7 43 22 13
  7 43 23 13
  7 43 24 13
  7 43 25 13
  7 43 26 13
  7 43 27 13
  7 43 28 13
  7 43 29 13
  7 43 30 13
  7 43 31 13
  7 43 32 13
  7 43 33 13
  7 43 34 13
  7 43 35 13
  7 43 36 13
  7 43 37 13
  7 43 38 13
  7 43 39 13
  7 43 40 13
  7 43 41 13
  7 43 42 13
  7 43 43 13
  7 43 44 13
  7 43 45 13
  7 43 46 13
  7 43 47 13
  7 43 48 13
  7 43 49 13
  7 43 50 13
  7 43 51 13
  7 43 52 13
  7 43 53 13
  7 43 54 13
  7 43 55 13
  7 43 56 13
  7 43 57 13
  7 43 58 13
  7 43 59 13
  7 43 60 13
  7 43 61 13
  7 43 62 13
  7 43 63 13
  7 43 64 13
  7 43 65 13
  7 43 66 13
  7 43 67 13
  7 43 68 13
  7 43 69 13
  7 43 70 13
  7 43 71 13
  7 43 72 13
  7 43 73 13
  7 43 74 13
  7 43 75 13
  7 43 76 13
  7 43 77 13
  7 43 78 13
  7 43 79 13
  7 43 80 13
  7 43 81 13
  7 43 82 13
  7 43 83 13
  7 43 84 13
  7 43 85 13
  7 43 86 13
  7 43 87 13
  7 43 88 13
  7 43 89 13
  7 43 90 13
  7 43 91 13
  7 43 92 13
  7 43 93 13
  7 43 94 13
  7 43 95 13
  7 43 96 13
  7 43 97 13
  7 43 98 13
  7 43 99 13
  7 43 100 13
  7 43 101 13
  7 43 102 13
  7 43 103 13
  7 43 104 13
  7 43 105 13
  7 43 106 13
  7 43 132 13
  7 43 133 13
  7 43 134 13
  7 43 135 13
  7 43 136 13
  7 43 137 13
  7 43 138 13
  7 43 139 13
  7 43 140 13
  7 43 141 13
  7 43 142 13
  7 43 143 13
  7 43 144 13
  7 43 145 13
  7 43 146 13
  7 43 147 13
  7 43 148 13
  7 43 149 13
  7 44 12 13
  7 44 13 13
  7 44 14 13
  7 44 15 13
  7 44 16 13
  7 44 17 13
  7 44 18 13
  7 44 19 13
  7 44 20 13
  7 44 21 13
  7 44 22 13
  7 44 23 13
  7 44 24 13
  7 44 25 13
  7 44 26 13
  7 44 27 13
  7 44 28 13
  7 44 29 13
  7 44 30 13
  7 44 31 13
  7 44 32 13
  7 44 33 13
  7 44 34 13
  7 44 35 13
  7 44 36 13
  7 44 37 13
  7 44 38 13
  7 44 39 13
  7 44 40 13
  7 44 41 13
  7 44 42 13
  7 44 43 13
  7 44 44 13
  7 44 45 13
  7 44 46 13
  7 44 47 13
  7 44 48 13
  7 44 49 13
  7 44 50 13
  7 44 51 13
  7 44 52 13
  7 44 53 13
  7 44 54 13
  7 44 55 13
  7 44 56 13
  7 44 57 13
  7 44 58 13
  7 44 59 13
  7 44 60 13
  7 44 61 13
  7 44 62 13
  7 44 63 13
  7 44 64 13
  7 44 65 13
  7 44 66 13
  7 44 67 13
  7 44 68 13
  7 44 69 13
  7 44 70 13
  7 44 71 13
  7 44 72 13
  7 44 73 13
  7 44 74 13
  7 44 75 13
  7 44 76 13
  7 44 77 13
  7 44 78 13
  7 44 79 13
  7 44 80 13
  7 44 81 13
  7 44 82 13
  7 44 83 13
  7 44 84 13
  7 44 85 13
  7 44 86 13
  7 44 87 13
  7 44 88 13
  7 44 89 13
  7 44 90 13
  7 44 91 13
  7 44 92 13
  7 44 93 13
  7 44 94 13
  7 44 95 13
  7 44 96 13
  7 44 97 13
  7 44 98 13
  7 44 99 13
  7 44 100 13
  7 44 101 13
  7 44 102 13
  7 44 103 13
  7 44 104 13
  7 44 105 13
  7 44 106 13
  7 44 135 13
  7 44 136 13
  7 44 137 13
  7 44 138 13
  7 44 139 13
  7 44 140 13
  7 44 141 13
  7 44 142 13
  7 44 143 13
  7 44 144 13
  7 44 145 13
  7 44 146 13
  7 44 147 13
  7 44 148 13
  7 44 149 13
  7 45 12 13
  7 45 13 13
  7 45 14 13
  7 45 15 13
  7 45 16 13
  7 45 17 13
  7 45 18 13
  7 45 19 13
  7 45 20 13
  7 45 21 13
  7 45 22 13
  7 45 23 13
  7 45 24 13
  7 45 25 13
  7 45 26 13
  7 45 27 13
  7 45 28 13
  7 45 29 13
  7 45 30 13
  7 45 31 13
  7 45 32 13
  7 45 33 13
  7 45 34 13
  7 45 35 13
  7 45 36 13
  7 45 37 13
  7 45 38 13
  7 45 39 13
  7 45 40 13
  7 45 41 13
  7 45 42 13
  7 45 43 13
  7 45 44 13
  7 45 45 13
  7 45 46 13
  7 45 47 13
  7 45 48 13
  7 45 49 13
  7 45 50 13
  7 45 51 13
  7 45 52 13
  7 45 53 13
  7 45 54 13
  7 45 55 13
  7 45 56 13
  7 45 57 13
  7 45 58 13
  7 45 59 13
  7 45 60 13
  7 45 61 13
  7 45 62 13
  7 45 63 13
  7 45 64 13
  7 45 65 13
  7 45 66 13
  7 45 67 13
  7 45 68 13
  7 45 69 13
  7 45 70 13
  7 45 71 13
  7 45 72 13
  7 45 73 13
  7 45 74 13
  7 45 75 13
  7 45 76 13
  7 45 77 13
  7 45 78 13
  7 45 79 13
  7 45 80 13
  7 45 81 13
  7 45 82 13
  7 45 83 13
  7 45 84 13
  7 45 85 13
  7 45 86 13
  7 45 87 13
  7 45 88 13
  7 45 89 13
  7 45 90 13
  7 45 91 13
  7 45 92 13
  7 45 93 13
  7 45 94 13
  7 45 95 13
  7 45 96 13
  7 45 97 13
  7 45 98 13
  7 45 99 13
  7 45 100 13
  7 45 101 13
  7 45 102 13
  7 45 103 13
  7 45 104 13
  7 45 105 13
  7 45 138 13
  7 45 139 13
  7 45 140 13
  7 45 141 13
  7 45 142 13
  7 45 143 13
  7 45 144 13
  7 45 145 13
  7 45 146 13
  7 45 147 13
  7 45 148 13
  7 45 149 13
  7 46 11 13
  7 46 12 13
  7 46 13 13
  7 46 14 13
  7 46 15 13
  7 46 16 13
  7 46 17 13
  7 46 18 13
  7 46 19 13
  7 46 20 13
  7 46 21 13
  7 46 22 13
  7 46 23 13
  7 46 24 13
  7 46 25 13
  7 46 26 13
  7 46 27 13
  7 46 28 13
  7 46 29 13
  7 46 30 13
  7 46 31 13
  7 46 32 13
  7 46 33 13
  7 46 34 13
  7 46 35 13
  7 46 36 13
  7 46 37 13
  7 46 38 13
  7 46 39 13
  7 46 40 13
  7 46 41 13
  7 46 42 13
  7 46 43 13
  7 46 44 13
  7 46 45 13
  7 46 46 13
  7 46 47 13
  7 46 48 13
  7 46 49 13
  7 46 50 13
  7 46 51 13
  7 46 52 13
  7 46 53 13
  7 46 54 13
  7 46 55 13
  7 46 56 13
  7 46 57 13
  7 46 58 13
  7 46 59 13
  7 46 60 13
  7 46 61 13
  7 46 62 13
  7 46 63 13
  7 46 64 13
  7 46 65 13
  7 46 66 13
  7 46 67 13
  7 46 68 13
  7 46 69 13
  7 46 70 13
  7 46 71 13
  7 46 72 13
  7 46 73 13
  7 46 74 13
  7 46 75 13
  7 46 76 13
  7 46 77 13
  7 46 78 13
  7 46 79 13
  7 46 80 13
  7 46 81 13
  7 46 82 13
  7 46 83 13
  7 46 84 13
  7 46 85 13
  7 46 86 13
  7 46 87 13
  7 46 88 13
  7 46 89 13
  7 46 90 13
  7 46 91 13
  7 46 92 13
  7 46 93 13
  7 46 94 13
  7 46 95 13
  7 46 96 13
  7 46 97 13
  7 46 98 13
  7 46 99 13
  7 46 100 13
  7 46 101 13
  7 46 102 13
  7 46 103 13
  7 46 104 13
  7 46 105 13
  7 46 142 13
  7 46 143 13
  7 46 144 13
  7 46 145 13
  7 46 146 13
  7 46 147 13
  7 46 148 13
  7 46 149 13
  7 47 11 13
  7 47 12 13
  7 47 13 13
  7 47 14 13
  7 47 15 13
  7 47 16 13
  7 47 17 13
  7 47 18 13
  7 47 19 13
  7 47 20 13
  7 47 21 13
  7 47 22 13
  7 47 23 13
  7 47 24 13
  7 47 25 13
  7 47 26 13
  7 47 27 13
  7 47 28 13
  7 47 29 13
  7 47 30 13
  7 47 31 13
  7 47 32 13
  7 47 33 13
  7 47 34 13
  7 47 35 13
  7 47 36 13
  7 47 37 13
  7 47 38 13
  7 47 39 13
  7 47 40 13
  7 47 41 13
  7 47 42 13
  7 47 43 13
  7 47 44 13
  7 47 45 13
  7 47 46 13
  7 47 47 13
  7 47 48 13
  7 47 49 13
  7 47 50 13
  7 47 51 13
  7 47 52 13
  7 47 53 13
  7 47 54 13
  7 47 55 13
  7 47 56 13
  7 47 57 13
  7 47 58 13
  7 47 59 13
  7 47 60 13
  7 47 61 13
  7 47 62 13
  7 47 63 13
  7 47 64 13
  7 47 65 13
  7 47 66 13
  7 47 67 13
  7 47 68 13
  7 47 69 13
  7 47 70 13
  7 47 71 13
  7 47 72 13
  7 47 73 13
  7 47 74 13
  7 47 75 13
  7 47 76 13
  7 47 77 13
  7 47 78 13
  7 47 79 13
  7 47 80 13
  7 47 81 13
  7 47 82 13
  7 47 83 13
  7 47 84 13
  7 47 85 13
  7 47 86 13
  7 47 87 13
  7 47 88 13
  7 47 89 13
  7 47 90 13
  7 47 91 13
  7 47 92 13
  7 47 93 13
  7 47 94 13
  7 47 95 13
  7 47 96 13
  7 47 97 13
  7 47 98 13
  7 47 99 13
  7 47 100 13
  7 47 101 13
  7 47 102 13
  7 47 103 13
  7 47 104 13
  7 47 144 13
  7 47 145 13
  7 47 146 13
  7 47 147 13
  7 47 148 13
  7 47 149 13
  7 48 11 13
  7 48 12 13
  7 48 13 13
  7 48 14 13
  7 48 15 13
  7 48 16 13
  7 48 17 13
  7 48 18 13
  7 48 19 13
  7 48 20 13
  7 48 21 13
  7 48 22 13
  7 48 23 13
  7 48 24 13
  7 48 25 13
  7 48 26 13
  7 48 27 13
  7 48 28 13
  7 48 29 13
  7 48 30 13
  7 48 31 13
  7 48 32 13
  7 48 33 13
  7 48 34 13
  7 48 35 13
  7 48 36 13
  7 48 37 13
  7 48 38 13
  7 48 39 13
  7 48 40 13
  7 48 41 13
  7 48 42 13
  7 48 43 13
  7 48 44 13
  7 48 45 13
  7 48 46 13
  7 48 47 13
  7 48 48 13
  7 48 49 13
  7 48 50 13
  7 48 51 13
  7 48 52 13
  7 48 53 13
  7 48 54 13
  7 48 55 13
  7 48 56 13
  7 48 57 13
  7 48 58 13
  7 48 59 13
  7 48 60 13
  7 48 61 13
  7 48 62 13
  7 48 63 13
  7 48 64 13
  7 48 65 13
  7 48 66 13
  7 48 67 13
  7 48 68 13
  7 48 69 13
  7 48 70 13
  7 48 71 13
  7 48 72 13
  7 48 73 13
  7 48 74 13
  7 48 75 13
  7 48 76 13
  7 48 77 13
  7 48 78 13
  7 48 79 13
  7 48 80 13
  7 48 81 13
  7 48 82 13
  7 48 83 13
  7 48 84 13
  7 48 85 13
  7 48 86 13
  7 48 87 13
  7 48 88 13
  7 48 89 13
  7 48 90 13
  7 48 91 13
  7 48 92 13
  7 48 93 13
  7 48 94 13
  7 48 95 13
  7 48 96 13
  7 48 97 13
  7 48 98 13
  7 48 99 13
  7 48 100 13
  7 48 101 13
  7 48 102 13
  7 48 103 13
  7 48 104 13
  7 48 147 13
  7 48 148 13
  7 48 149 13
  7 49 10 13
  7 49 11 13
  7 49 12 13
  7 49 13 13
  7 49 14 13
  7 49 15 13
  7 49 16 13
  7 49 17 13
  7 49 18 13
  7 49 19 13
  7 49 20 13
  7 49 21 13
  7 49 22 13
  7 49 23 13
  7 49 24 13
  7 49 25 13
  7 49 26 13
  7 49 27 13
  7 49 28 13
  7 49 29 13
  7 49 30 13
  7 49 31 13
  7 49 32 13
  7 49 33 13
  7 49 34 13
  7 49 35 13
  7 49 36 13
  7 49 37 13
  7 49 38 13
  7 49 39 13
  7 49 40 13
  7 49 41 13
  7 49 42 13
  7 49 43 13
  7 49 44 13
  7 49 45 13
  7 49 46 13
  7 49 47 13
  7 49 48 13
  7 49 49 13
  7 49 50 13
  7 49 51 13
  7 49 52 13
  7 49 53 13
  7 49 54 13
  7 49 55 13
  7 49 56 13
  7 49 57 13
  7 49 58 13
  7 49 59 13
  7 49 60 13
  7 49 61 13
  7 49 62 13
  7 49 63 13
  7 49 64 13
  7 49 65 13
  7 49 66 13
  7 49 67 13
  7 49 68 13
  7 49 69 13
  7 49 70 13
  7 49 71 13
  7 49 72 13
  7 49 73 13
  7 49 74 13
  7 49 75 13
  7 49 76 13
  7 49 77 13
  7 49 78 13
  7 49 79 13
  7 49 80 13
  7 49 81 13
  7 49 82 13
  7 49 83 13
  7 49 84 13
  7 49 85 13
  7 49 86 13
  7 49 87 13
  7 49 88 13
  7 49 89 13
  7 49 90 13
  7 49 91 13
  7 49 92 13
  7 49 93 13
  7 49 94 13
  7 49 95 13
  7 49 96 13
  7 49 97 13
  7 49 98 13
  7 49 99 13
  7 49 100 13
  7 49 101 13
  7 49 102 13
  7 49 103 13
  7 50 10 13
  7 50 11 13
  7 50 12 13
  7 50 13 13
  7 50 14 13
  7 50 15 13
  7 50 16 13
  7 50 17 13
  7 50 18 13
  7 50 19 13
  7 50 20 13
  7 50 21 13
  7 50 22 13
  7 50 23 13
  7 50 24 13
  7 50 25 13
  7 50 26 13
  7 50 27 13
  7 50 28 13
  7 50 29 13
  7 50 30 13
  7 50 31 13
  7 50 32 13
  7 50 33 13
  7 50 34 13
  7 50 35 13
  7 50 36 13
  7 50 37 13
  7 50 38 13
  7 50 39 13
  7 50 40 13
  7 50 41 13
  7 50 42 13
  7 50 43 13
  7 50 44 13
  7 50 45 13
  7 50 46 13
  7 50 47 13
  7 50 48 13
  7 50 49 13
  7 50 50 13
  7 50 51 13
  7 50 52 13
  7 50 53 13
  7 50 54 13
  7 50 55 13
  7 50 56 13
  7 50 57 13
  7 50 58 13
  7 50 59 13
  7 50 60 13
  7 50 61 13
  7 50 62 13
  7 50 63 13
  7 50 64 13
  7 50 65 13
  7 50 66 13
  7 50 67 13
  7 50 68 13
  7 50 69 13
  7 50 70 13
  7 50 71 13
  7 50 72 13
  7 50 73 13
  7 50 74 13
  7 50 75 13
  7 50 76 13
  7 50 77 13
  7 50 78 13
  7 50 79 13
  7 50 80 13
  7 50 81 13
  7 50 82 13
  7 50 83 13
  7 50 84 13
  7 50 85 13
  7 50 86 13
  7 50 87 13
  7 50 88 13
  7 50 89 13
  7 50 90 13
  7 50 91 13
  7 50 92 13
  7 50 93 13
  7 50 94 13
  7 50 95 13
  7 50 96 13
  7 50 97 13
  7 50 98 13
  7 50 99 13
  7 50 100 13
  7 50 101 13
  7 50 102 13
  7 50 103 13
  7 51 9 13
  7 51 10 13
  7 51 11 13
  7 51 12 13
  7 51 13 13
  7 51 14 13
  7 51 15 13
  7 51 16 13
  7 51 17 13
  7 51 18 13
  7 51 19 13
  7 51 20 13
  7 51 21 13
  7 51 22 13
  7 51 23 13
  7 51 24 13
  7 51 25 13
  7 51 26 13
  7 51 27 13
  7 51 28 13
  7 51 29 13
  7 51 30 13
  7 51 31 13
  7 51 32 13
  7 51 33 13
  7 51 34 13
  7 51 35 13
  7 51 36 13
  7 51 37 13
  7 51 38 13
  7 51 39 13
  7 51 40 13
  7 51 41 13
  7 51 42 13
  7 51 43 13
  7 51 44 13
  7 51 45 13
  7 51 46 13
  7 51 47 13
  7 51 48 13
  7 51 49 13
  7 51 50 13
  7 51 51 13
  7 51 52 13
  7 51 53 13
  7 51 54 13
  7 51 55 13
  7 51 56 13
  7 51 57 13
  7 51 58 13
  7 51 59 13
  7 51 60 13
  7 51 61 13
  7 51 62 13
  7 51 63 13
  7 51 64 13
  7 51 65 13
  7 51 66 13
  7 51 67 13
  7 51 68 13
  7 51 69 13
  7 51 70 13
  7 51 71 13
  7 51 72 13
  7 51 73 13
  7 51 74 13
  7 51 75 13
  7 51 76 13
  7 51 77 13
  7 51 78 13
  7 51 79 13
  7 51 80 13
  7 51 81 13
  7 51 82 13
  7 51 83 13
  7 51 84 13
  7 51 85 13
  7 51 86 13
  7 51 87 13
  7 51 88 13
  7 51 89 13
  7 51 90 13
  7 51 91 13
  7 51 92 13
  7 51 93 13
  7 51 94 13
  7 51 95 13
  7 51 96 13
  7 51 97 13
  7 51 98 13
  7 51 99 13
  7 51 100 13
  7 51 101 13
  7 51 102 13
  7 52 9 13
  7 52 10 13
  7 52 11 13
  7 52 12 13
  7 52 13 13
  7 52 14 13
  7 52 15 13
  7 52 16 13
  7 52 17 13
  7 52 18 13
  7 52 19 13
  7 52 20 13
  7 52 21 13
  7 52 22 13
  7 52 23 13
  7 52 24 13
  7 52 25 13
  7 52 26 13
  7 52 27 13
  7 52 28 13
  7 52 29 13
  7 52 30 13
  7 52 31 13
  7 52 32 13
  7 52 33 13
  7 52 34 13
  7 52 35 13
  7 52 36 13
  7 52 37 13
  7 52 38 13
  7 52 39 13
  7 52 40 13
  7 52 41 13
  7 52 42 13
  7 52 43 13
  7 52 44 13
  7 52 45 13
  7 52 46 13
  7 52 47 13
  7 52 48 13
  7 52 49 13
  7 52 50 13
  7 52 51 13
  7 52 52 13
  7 52 53 13
  7 52 54 13
  7 52 55 13
  7 52 56 13
  7 52 57 13
  7 52 58 13
  7 52 59 13
  7 52 60 13
  7 52 61 13
  7 52 62 13
  7 52 63 13
  7 52 64 13
  7 52 65 13
  7 52 66 13
  7 52 67 13
  7 52 68 13
  7 52 69 13
  7 52 70 13
  7 52 71 13
  7 52 72 13
  7 52 73 13
  7 52 74 13
  7 52 75 13
  7 52 76 13
  7 52 77 13
  7 52 78 13
  7 52 79 13
  7 52 80 13
  7 52 81 13
  7 52 82 13
  7 52 83 13
  7 52 84 13
  7 52 85 13
  7 52 86 13
  7 52 87 13
  7 52 88 13
  7 52 89 13
  7 52 90 13
  7 52 91 13
  7 52 92 13
  7 52 93 13
  7 52 94 13
  7 52 95 13
  7 52 96 13
  7 52 97 13
  7 52 98 13
  7 53 8 13
  7 53 9 13
  7 53 10 13
  7 53 11 13
  7 53 12 13
  7 53 13 13
  7 53 14 13
  7 53 15 13
  7 53 16 13
  7 53 17 13
  7 53 18 13
  7 53 19 13
  7 53 20 13
  7 53 21 13
  7 53 22 13
  7 53 23 13
  7 53 24 13
  7 53 25 13
  7 53 26 13
  7 53 27 13
  7 53 28 13
  7 53 29 13
  7 53 30 13
  7 53 31 13
  7 53 32 13
  7 53 33 13
  7 53 34 13
  7 53 35 13
  7 53 36 13
  7 53 37 13
  7 53 38 13
  7 53 39 13
  7 53 40 13
  7 53 41 13
  7 53 42 13
  7 53 43 13
  7 53 44 13
  7 53 45 13
  7 53 46 13
  7 53 47 13
  7 53 48 13
  7 53 49 13
  7 53 50 13
  7 53 51 13
  7 53 52 13
  7 53 53 13
  7 53 54 13
  7 53 55 13
  7 53 56 13
  7 53 57 13
  7 53 58 13
  7 53 59 13
  7 53 60 13
  7 53 61 13
  7 53 62 13
  7 53 63 13
  7 53 64 13
  7 53 65 13
  7 53 66 13
  7 53 67 13
  7 53 68 13
  7 53 69 13
  7 53 70 13
  7 53 71 13
  7 53 72 13
  7 53 73 13
  7 53 74 13
  7 53 75 13
  7 53 76 13
  7 53 77 13
  7 53 78 13
  7 53 79 13
  7 53 80 13
  7 53 81 13
  7 53 82 13
  7 53 83 13
  7 53 84 13
  7 53 85 13
  7 53 86 13
  7 53 87 13
  7 53 88 13
  7 53 89 13
  7 53 90 13
  7 53 91 13
  7 53 92 13
  7 53 93 13
  7 53 94 13
  7 53 95 13
  7 54 8 13
  7 54 9 13
  7 54 10 13
  7 54 11 13
  7 54 12 13
  7 54 13 13
  7 54 14 13
  7 54 15 13
  7 54 16 13
  7 54 17 13
  7 54 18 13
  7 54 19 13
  7 54 20 13
  7 54 21 13
  7 54 22 13
  7 54 23 13
  7 54 24 13
  7 54 25 13
  7 54 26 13
  7 54 27 13
  7 54 28 13
  7 54 29 13
  7 54 30 13
  7 54 31 13
  7 54 32 13
  7 54 33 13
  7 54 34 13
  7 54 35 13
  7 54 36 13
  7 54 37 13
  7 54 38 13
  7 54 39 13
  7 54 40 13
  7 54 41 13
  7 54 42 13
  7 54 43 13
  7 54 44 13
  7 54 45 13
  7 54 46 13
  7 54 47 13
  7 54 48 13
  7 54 49 13
  7 54 50 13
  7 54 51 13
  7 54 52 13
  7 54 53 13
  7 54 54 13
  7 54 55 13
  7 54 56 13
  7 54 57 13
  7 54 58 13
  7 54 59 13
  7 54 60 13
  7 54 61 13
  7 54 62 13
  7 54 63 13
  7 54 64 13
  7 54 65 13
  7 54 66 13
  7 54 67 13
  7 54 68 13
  7 54 69 13
  7 54 70 13
  7 54 71 13
  7 54 72 13
  7 54 73 13
  7 54 74 13
  7 54 75 13
  7 54 76 13
  7 54 77 13
  7 54 78 13
  7 54 79 13
  7 54 80 13
  7 54 81 13
  7 54 82 13
  7 54 83 13
  7 54 84 13
  7 54 85 13
  7 54 86 13
  7 54 87 13
  7 54 88 13
  7 54 89 13
  7 54 90 13
  7 54 91 13
  7 54 92 13
  7 54 93 13
  7 55 7 13
  7 55 8 13
  7 55 9 13
  7 55 10 13
  7 55 11 13
  7 55 12 13
  7 55 13 13
  7 55 14 13
  7 55 15 13
  7 55 16 13
  7 55 17 13
  7 55 18 13
  7 55 19 13
  7 55 20 13
  7 55 21 13
  7 55 22 13
  7 55 23 13
  7 55 24 13
  7 55 25 13
  7 55 26 13
  7 55 27 13
  7 55 28 13
  7 55 29 13
  7 55 30 13
  7 55 31 13
  7 55 32 13
  7 55 33 13
  7 55 34 13
  7 55 35 13
  7 55 36 13
  7 55 37 13
  7 55 38 13
  7 55 39 13
  7 55 40 13
  7 55 41 13
  7 55 42 13
  7 55 43 13
  7 55 44 13
  7 55 45 13
  7 55 46 13
  7 55 47 13
  7 55 48 13
  7 55 49 13
  7 55 50 13
  7 55 51 13
  7 55 52 13
  7 55 53 13
  7 55 54 13
  7 55 55 13
  7 55 56 13
  7 55 57 13
  7 55 58 13
  7 55 59 13
  7 55 60 13
  7 55 61 13
  7 55 62 13
  7 55 63 13
  7 55 64 13
  7 55 65 13
  7 55 66 13
  7 55 67 13
  7 55 68 13
  7 55 69 13
  7 55 70 13
  7 55 71 13
  7 55 72 13
  7 55 73 13
  7 55 74 13
  7 55 75 13
  7 55 76 13
  7 55 77 13
  7 55 78 13
  7 55 79 13
  7 55 80 13
  7 55 81 13
  7 55 82 13
  7 55 83 13
  7 55 84 13
  7 55 85 13
  7 55 86 13
  7 55 87 13
  7 55 88 13
  7 55 89 13
  7 55 90 13
  7 55 91 13
  7 55 92 13
  7 56 7 13
  7 56 8 13
  7 56 9 13
  7 56 10 13
  7 56 11 13
  7 56 12 13
  7 56 13 13
  7 56 14 13
  7 56 15 13
  7 56 16 13
  7 56 17 13
  7 56 18 13
  7 56 19 13
  7 56 20 13
  7 56 21 13
  7 56 22 13
  7 56 23 13
  7 56 24 13
  7 56 25 13
  7 56 26 13
  7 56 27 13
  7 56 28 13
  7 56 29 13
  7 56 30 13
  7 56 31 13
  7 56 32 13
  7 56 33 13
  7 56 34 13
  7 56 35 13
  7 56 36 13
  7 56 37 13
  7 56 38 13
  7 56 39 13
  7 56 40 13
  7 56 41 13
  7 56 42 13
  7 56 43 13
  7 56 44 13
  7 56 45 13
  7 56 46 13
  7 56 47 13
  7 56 48 13
  7 56 49 13
  7 56 50 13
  7 56 51 13
  7 56 52 13
  7 56 53 13
  7 56 54 13
  7 56 55 13
  7 56 56 13
  7 56 57 13
  7 56 58 13
  7 56 59 13
  7 56 60 13
  7 56 61 13
  7 56 62 13
  7 56 63 13
  7 56 64 13
  7 56 65 13
  7 56 66 13
  7 56 67 13
  7 56 68 13
  7 56 69 13
  7 56 70 13
  7 56 71 13
  7 56 72 13
  7 56 73 13
  7 56 74 13
  7 56 75 13
  7 56 76 13
  7 56 77 13
  7 56 78 13
  7 56 79 13
  7 56 80 13
  7 56 81 13
  7 56 82 13
  7 56 83 13
  7 56 84 13
  7 56 85 13
  7 56 86 13
  7 56 87 13
  7 56 88 13
  7 56 89 13
  7 56 90 13
  7 56 91 13
  7 57 7 13
  7 57 8 13
  7 57 9 13
  7 57 10 13
  7 57 11 13
  7 57 12 13
  7 57 13 13
  7 57 14 13
  7 57 15 13
  7 57 16 13
  7 57 17 13
  7 57 18 13
  7 57 19 13
  7 57 20 13
  7 57 21 13
  7 57 22 13
  7 57 23 13
  7 57 24 13
  7 57 25 13
  7 57 26 13
  7 57 27 13
  7 57 28 13
  7 57 29 13
  7 57 30 13
  7 57 31 13
  7 57 32 13
  7 57 33 13
  7 57 34 13
  7 57 35 13
  7 57 36 13
  7 57 37 13
  7 57 38 13
  7 57 39 13
  7 57 40 13
  7 57 41 13
  7 57 42 13
  7 57 43 13
  7 57 44 13
  7 57 45 13
  7 57 46 13
  7 57 47 13
  7 57 48 13
  7 57 49 13
  7 57 50 13
  7 57 51 13
  7 57 52 13
  7 57 53 13
  7 57 54 13
  7 57 55 13
  7 57 56 13
  7 57 57 13
  7 57 58 13
  7 57 59 13
  7 57 60 13
  7 57 61 13
  7 57 62 13
  7 57 63 13
  7 57 64 13
  7 57 65 13
  7 57 66 13
  7 57 67 13
  7 57 68 13
  7 57 69 13
  7 57 70 13
  7 57 71 13
  7 57 72 13
  7 57 73 13
  7 57 74 13
  7 57 75 13
  7 57 76 13
  7 57 77 13
  7 57 78 13
  7 57 79 13
  7 57 80 13
  7 58 6 13
  7 58 7 13
  7 58 8 13
  7 58 9 13
  7 58 10 13
  7 58 11 13
  7 58 12 13
  7 58 13 13
  7 58 14 13
  7 58 15 13
  7 58 16 13
  7 58 17 13
  7 58 18 13
  7 58 19 13
  7 58 20 13
  7 58 21 13
  7 58 22 13
  7 58 23 13
  7 58 24 13
  7 58 25 13
  7 58 26 13
  7 58 27 13
  7 58 28 13
  7 58 29 13
  7 58 30 13
  7 58 31 13
  7 58 32 13
  7 58 33 13
  7 58 34 13
  7 58 35 13
  7 58 36 13
  7 58 37 13
  7 58 38 13
  7 58 39 13
  7 58 40 13
  7 58 41 13
  7 58 42 13
  7 58 43 13
  7 58 44 13
  7 58 45 13
  7 58 46 13
  7 58 47 13
  7 58 48 13
  7 58 49 13
  7 58 50 13
  7 58 51 13
  7 58 52 13
  7 58 53 13
  7 58 54 13
  7 58 55 13
  7 58 56 13
  7 58 57 13
  7 58 58 13
  7 58 59 13
  7 58 60 13
  7 58 61 13
  7 58 62 13
  7 58 63 13
  7 58 64 13
  7 58 65 13
  7 58 66 13
  7 58 67 13
  7 58 68 13
  7 58 69 13
  7 58 70 13
  7 58 71 13
  7 58 72 13
  7 58 73 13
  7 58 74 13
  7 58 75 13
  7 58 76 13
  7 58 77 13
  7 58 78 13
  7 59 6 13
  7 59 7 13
  7 59 8 13
  7 59 9 13
  7 59 10 13
  7 59 11 13
  7 59 12 13
  7 59 13 13
  7 59 14 13
  7 59 15 13
  7 59 16 13
  7 59 17 13
  7 59 18 13
  7 59 19 13
  7 59 20 13
  7 59 21 13
  7 59 22 13
  7 59 23 13
  7 59 24 13
  7 59 25 13
  7 59 26 13
  7 59 27 13
  7 59 28 13
  7 59 29 13
  7 59 30 13
  7 59 31 13
  7 59 32 13
  7 59 33 13
  7 59 34 13
  7 59 35 13
  7 59 36 13
  7 59 37 13
  7 59 38 13
  7 59 39 13
  7 59 40 13
  7 59 41 13
  7 59 42 13
  7 59 43 13
  7 59 44 13
  7 59 45 13
  7 59 46 13
  7 59 47 13
  7 59 48 13
  7 59 49 13
  7 59 50 13
  7 59 51 13
  7 59 52 13
  7 59 53 13
  7 59 54 13
  7 59 55 13
  7 59 56 13
  7 59 57 13
  7 59 58 13
  7 59 59 13
  7 59 60 13
  7 59 61 13
  7 59 62 13
  7 59 63 13
  7 59 64 13
  7 59 65 13
  7 59 66 13
  7 59 67 13
  7 59 68 13
  7 59 69 13
  7 59 70 13
  7 59 71 13
  7 59 72 13
  7 59 73 13
  7 59 74 13
  7 59 75 13
  7 59 76 13
  7 60 5 13
  7 60 6 13
  7 60 7 13
  7 60 8 13
  7 60 9 13
  7 60 10 13
  7 60 11 13
  7 60 12 13
  7 60 13 13
  7 60 14 13
  7 60 15 13
  7 60 16 13
  7 60 17 13
  7 60 18 13
  7 60 19 13
  7 60 20 13
  7 60 21 13
  7 60 22 13
  7 60 23 13
  7 60 24 13
  7 60 25 13
  7 60 26 13
  7 60 27 13
  7 60 28 13
  7 60 29 13
  7 60 30 13
  7 60 31 13
  7 60 32 13
  7 60 33 13
  7 60 34 13
  7 60 35 13
  7 60 36 13
  7 60 37 13
  7 60 38 13
  7 60 39 13
  7 60 40 13
  7 60 41 13
  7 60 42 13
  7 60 43 13
  7 60 44 13
  7 60 45 13
  7 60 46 13
  7 60 47 13
  7 60 48 13
  7 60 49 13
  7 60 50 13
  7 60 51 13
  7 60 52 13
  7 60 53 13
  7 60 54 13
  7 60 55 13
  7 60 56 13
  7 60 57 13
  7 60 58 13
  7 60 59 13
  7 60 60 13
  7 60 61 13
  7 60 62 13
  7 60 63 13
  7 60 64 13
  7 60 65 13
  7 60 66 13
  7 60 67 13
  7 60 68 13
  7 60 69 13
  7 60 70 13
  7 60 71 13
  7 60 72 13
  7 60 73 13
  7 60 74 13
  7 61 5 13
  7 61 6 13
  7 61 7 13
  7 61 8 13
  7 61 9 13
  7 61 10 13
  7 61 11 13
  7 61 12 13
  7 61 13 13
  7 61 14 13
  7 61 15 13
  7 61 16 13
  7 61 17 13
  7 61 18 13
  7 61 19 13
  7 61 20 13
  7 61 21 13
  7 61 22 13
  7 61 23 13
  7 61 24 13
  7 61 25 13
  7 61 26 13
  7 61 27 13
  7 61 28 13
  7 61 29 13
  7 61 30 13
  7 61 31 13
  7 61 32 13
  7 61 33 13
  7 61 34 13
  7 61 35 13
  7 61 36 13
  7 61 37 13
  7 61 38 13
  7 61 39 13
  7 61 40 13
  7 61 41 13
  7 61 42 13
  7 61 43 13
  7 61 44 13
  7 61 45 13
  7 61 46 13
  7 61 47 13
  7 61 48 13
  7 61 49 13
  7 61 50 13
  7 61 51 13
  7 61 52 13
  7 61 53 13
  7 61 54 13
  7 61 55 13
  7 61 56 13
  7 61 57 13
  7 61 58 13
  7 61 59 13
  7 61 60 13
  7 61 61 13
  7 61 62 13
  7 61 63 13
  7 61 64 13
  7 61 65 13
  7 61 66 13
  7 61 67 13
  7 61 68 13
  7 61 69 13
  7 61 70 13
  7 61 71 13
  7 61 72 13
  7 62 4 13
  7 62 5 13
  7 62 6 13
  7 62 7 13
  7 62 8 13
  7 62 9 13
  7 62 10 13
  7 62 11 13
  7 62 12 13
  7 62 13 13
  7 62 14 13
  7 62 15 13
  7 62 16 13
  7 62 17 13
  7 62 18 13
  7 62 19 13
  7 62 20 13
  7 62 21 13
  7 62 22 13
  7 62 23 13
  7 62 24 13
  7 62 25 13
  7 62 26 13
  7 62 27 13
  7 62 28 13
  7 62 29 13
  7 62 30 13
  7 62 31 13
  7 62 32 13
  7 62 33 13
  7 62 34 13
  7 62 35 13
  7 62 36 13
  7 62 37 13
  7 62 38 13
  7 62 39 13
  7 62 40 13
  7 62 41 13
  7 62 42 13
  7 62 43 13
  7 62 44 13
  7 62 45 13
  7 62 46 13
  7 62 47 13
  7 62 48 13
  7 62 49 13
  7 62 50 13
  7 62 51 13
  7 62 52 13
  7 62 53 13
  7 62 54 13
  7 62 55 13
  7 62 56 13
  7 62 57 13
  7 62 58 13
  7 62 59 13
  7 62 60 13
  7 62 61 13
  7 62 62 13
  7 62 63 13
  7 62 64 13
  7 62 65 13
  7 62 66 13
  7 62 67 13
  7 62 68 13
  7 63 4 13
  7 63 5 13
  7 63 6 13
  7 63 7 13
  7 63 8 13
  7 63 9 13
  7 63 10 13
  7 63 11 13
  7 63 12 13
  7 63 13 13
  7 63 14 13
  7 63 15 13
  7 63 16 13
  7 63 17 13
  7 63 18 13
  7 63 19 13
  7 63 20 13
  7 63 21 13
  7 63 22 13
  7 63 23 13
  7 63 24 13
  7 63 25 13
  7 63 26 13
  7 63 27 13
  7 63 28 13
  7 63 29 13
  7 63 30 13
  7 63 31 13
  7 63 32 13
  7 63 33 13
  7 63 34 13
  7 63 35 13
  7 63 36 13
  7 63 37 13
  7 63 38 13
  7 63 39 13
  7 63 40 13
  7 63 41 13
  7 63 42 13
  7 63 43 13
  7 63 44 13
  7 63 45 13
  7 63 46 13
  7 63 47 13
  7 63 48 13
  7 63 49 13
  7 63 50 13
  7 63 51 13
  7 63 52 13
  7 63 53 13
  7 63 54 13
  7 63 55 13
  7 63 56 13
  7 63 57 13
  7 63 58 13
  7 63 59 13
  7 63 60 13
  7 63 61 13
  7 63 62 13
  7 63 63 13
  7 63 64 13
  7 64 3 13
  7 64 4 13
  7 64 5 13
  7 64 6 13
  7 64 7 13
  7 64 8 13
  7 64 9 13
  7 64 10 13
  7 64 11 13
  7 64 12 13
  7 64 13 13
  7 64 14 13
  7 64 15 13
  7 64 16 13
  7 64 17 13
  7 64 18 13
  7 64 19 13
  7 64 20 13
  7 64 21 13
  7 64 22 13
  7 64 23 13
  7 64 24 13
  7 64 25 13
  7 64 26 13
  7 64 27 13
  7 64 28 13
  7 64 29 13
  7 64 30 13
  7 64 31 13
  7 64 32 13
  7 64 33 13
  7 64 34 13
  7 64 35 13
  7 64 36 13
  7 64 37 13
  7 64 38 13
  7 64 39 13
  7 64 40 13
  7 64 41 13
  7 64 42 13
  7 64 43 13
  7 64 44 13
  7 64 45 13
  7 64 46 13
  7 64 47 13
  7 64 48 13
  7 64 49 13
  7 64 50 13
  7 64 51 13
  7 64 52 13
  7 64 53 13
  7 64 54 13
  7 64 55 13
  7 64 56 13
  7 64 57 13
  7 64 58 13
  7 64 59 13
  7 64 60 13
  7 65 3 13
  7 65 4 13
  7 65 5 13
  7 65 6 13
  7 65 7 13
  7 65 8 13
  7 65 9 13
  7 65 10 13
  7 65 11 13
  7 65 12 13
  7 65 13 13
  7 65 14 13
  7 65 15 13
  7 65 16 13
  7 65 17 13
  7 65 18 13
  7 65 19 13
  7 65 20 13
  7 65 21 13
  7 65 22 13
  7 65 23 13
  7 65 24 13
  7 65 25 13
  7 65 26 13
  7 65 27 13
  7 65 28 13
  7 65 29 13
  7 65 30 13
  7 65 31 13
  7 65 32 13
  7 65 33 13
  7 65 34 13
  7 65 35 13
  7 65 36 13
  7 65 37 13
  7 65 38 13
  7 65 39 13
  7 65 40 13
  7 65 41 13
  7 65 42 13
  7 65 43 13
  7 65 44 13
  7 65 45 13
  7 65 46 13
  7 65 47 13
  7 65 48 13
  7 65 49 13
  7 65 50 13
  7 65 51 13
  7 65 52 13
  7 65 53 13
  7 65 54 13
  7 65 55 13
  7 65 56 13
  7 65 57 13
  7 65 58 13
  7 66 2 13
  7 66 3 13
  7 66 4 13
  7 66 5 13
  7 66 6 13
  7 66 7 13
  7 66 8 13
  7 66 9 13
  7 66 10 13
  7 66 11 13
  7 66 12 13
  7 66 13 13
  7 66 14 13
  7 66 15 13
  7 66 16 13
  7 66 17 13
  7 66 18 13
  7 66 19 13
  7 66 20 13
  7 66 21 13
  7 66 22 13
  7 66 23 13
  7 66 24 13
  7 66 25 13
  7 66 26 13
  7 66 27 13
  7 66 28 13
  7 66 29 13
  7 66 30 13
  7 66 31 13
  7 66 32 13
  7 66 33 13
  7 66 34 13
  7 66 35 13
  7 66 36 13
  7 66 37 13
  7 66 38 13
  7 66 39 13
  7 66 40 13
  7 66 41 13
  7 66 42 13
  7 66 43 13
  7 66 44 13
  7 66 45 13
  7 66 46 13
  7 66 47 13
  7 66 48 13
  7 66 49 13
  7 66 50 13
  7 66 51 13
  7 66 52 13
  7 66 53 13
  7 66 54 13
  7 67 2 13
  7 67 3 13
  7 67 4 13
  7 67 5 13
  7 67 6 13
  7 67 7 13
  7 67 8 13
  7 67 9 13
  7 67 10 13
  7 67 11 13
  7 67 12 13
  7 67 13 13
  7 67 14 13
  7 67 15 13
  7 67 16 13
  7 67 17 13
  7 67 18 13
  7 67 19 13
  7 67 20 13
  7 67 21 13
  7 67 22 13
  7 67 23 13
  7 67 24 13
  7 67 25 13
  7 67 26 13
  7 67 27 13
  7 67 28 13
  7 67 29 13
  7 67 30 13
  7 67 31 13
  7 67 32 13
  7 67 33 13
  7 67 34 13
  7 67 35 13
  7 67 36 13
  7 67 37 13
  7 67 38 13
  7 67 39 13
  7 67 40 13
  7 67 41 13
  7 67 42 13
  7 67 43 13
  7 67 44 13
  7 67 45 13
  7 67 46 13
  7 67 47 13
  7 67 48 13
  7 67 49 13
  7 67 50 13
  7 68 2 13
  7 68 3 13
  7 68 4 13
  7 68 5 13
  7 68 6 13
  7 68 7 13
  7 68 8 13
  7 68 9 13
  7 68 10 13
  7 68 11 13
  7 68 12 13
  7 68 13 13
  7 68 14 13
  7 68 15 13
  7 68 16 13
  7 68 17 13
  7 68 18 13
  7 68 19 13
  7 68 20 13
  7 68 21 13
  7 68 22 13
  7 68 23 13
  7 68 24 13
  7 68 25 13
  7 68 26 13
  7 68 27 13
  7 68 28 13
  7 68 29 13
  7 68 30 13
  7 68 31 13
  7 68 32 13
  7 68 33 13
  7 68 34 13
  7 68 35 13
  7 68 36 13
  7 68 37 13
  7 68 38 13
  7 68 39 13
  7 68 40 13
  7 68 41 13
  7 68 42 13
  7 68 43 13
  7 68 44 13
  7 68 45 13
  7 68 46 13
  7 68 47 13
  7 68 48 13
  7 68 49 13
  7 69 2 13
  7 69 3 13
  7 69 4 13
  7 69 5 13
  7 69 6 13
  7 69 7 13
  7 69 8 13
  7 69 9 13
  7 69 10 13
  7 69 11 13
  7 69 12 13
  7 69 13 13
  7 69 14 13
  7 69 15 13
  7 69 16 13
  7 69 17 13
  7 69 18 13
  7 69 19 13
  7 69 20 13
  7 69 21 13
  7 69 22 13
  7 69 23 13
  7 69 24 13
  7 69 25 13
  7 69 26 13
  7 69 27 13
  7 69 28 13
  7 69 29 13
  7 69 30 13
  7 69 31 13
  7 69 32 13
  7 69 33 13
  7 69 34 13
  7 69 35 13
  7 69 36 13
  7 69 37 13
  7 69 38 13
  7 69 39 13
  7 69 40 13
  7 69 41 13
  7 69 42 13
  7 69 43 13
  7 69 44 13
  7 69 45 13
  7 69 46 13
  7 69 47 13
  7 70 2 13
  7 70 3 13
  7 70 4 13
  7 70 5 13
  7 70 6 13
  7 70 7 13
  7 70 8 13
  7 70 9 13
  7 70 10 13
  7 70 11 13
  7 70 12 13
  7 70 13 13
  7 70 14 13
  7 70 15 13
  7 70 16 13
  7 70 17 13
  7 70 18 13
  7 70 19 13
  7 70 20 13
  7 70 21 13
  7 70 22 13
  7 70 23 13
  7 70 24 13
  7 70 25 13
  7 70 26 13
  7 70 27 13
  7 70 28 13
  7 70 29 13
  7 70 30 13
  7 70 31 13
  7 70 32 13
  7 70 33 13
  7 70 34 13
  7 70 35 13
  7 70 36 13
  7 70 37 13
  7 70 38 13
  7 70 39 13
  7 70 40 13
  7 70 41 13
  7 70 42 13
  7 70 43 13
  7 70 44 13
  7 70 45 13
  7 71 2 13
  7 71 3 13
  7 71 4 13
  7 71 5 13
  7 71 6 13
  7 71 7 13
  7 71 8 13
  7 71 9 13
  7 71 10 13
  7 71 11 13
  7 71 12 13
  7 71 13 13
  7 71 14 13
  7 71 15 13
  7 71 16 13
  7 71 17 13
  7 71 18 13
  7 71 19 13
  7 71 20 13
  7 71 21 13
  7 71 22 13
  7 71 23 13
  7 71 24 13
  7 71 25 13
  7 71 26 13
  7 71 27 13
  7 71 28 13
  7 71 29 13
  7 71 30 13
  7 71 31 13
  7 71 32 13
  7 71 33 13
  7 71 34 13
  7 71 35 13
  7 71 36 13
  7 71 37 13
  7 71 38 13
  7 71 39 13
  7 71 40 13
  7 71 41 13
  7 71 42 13
  7 71 43 13
  7 71 44 13
  7 72 2 13
  7 72 3 13
  7 72 4 13
  7 72 5 13
  7 72 6 13
  7 72 7 13
  7 72 8 13
  7 72 9 13
  7 72 10 13
  7 72 11 13
  7 72 12 13
  7 72 13 13
  7 72 14 13
  7 72 15 13
  7 72 16 13
  7 72 17 13
  7 72 18 13
  7 72 19 13
  7 72 20 13
  7 72 21 13
  7 72 22 13
  7 72 23 13
  7 72 24 13
  7 72 25 13
  7 72 26 13
  7 72 27 13
  7 72 28 13
  7 72 29 13
  7 72 30 13
  7 72 31 13
  7 72 32 13
  7 72 33 13
  7 72 34 13
  7 72 35 13
  7 72 36 13
  7 72 37 13
  7 72 38 13
  7 72 39 13
  7 72 40 13
  7 72 41 13
  7 72 42 13
  7 73 2 13
  7 73 3 13
  7 73 4 13
  7 73 5 13
  7 73 6 13
  7 73 7 13
  7 73 8 13
  7 73 9 13
  7 73 10 13
  7 73 11 13
  7 73 12 13
  7 73 13 13
  7 73 14 13
  7 73 15 13
  7 73 16 13
  7 73 17 13
  7 73 18 13
  7 73 19 13
  7 73 20 13
  7 73 21 13
  7 73 22 13
  7 73 23 13
  7 73 24 13
  7 73 25 13
  7 73 26 13
  7 73 27 13
  7 73 28 13
  7 73 29 13
  7 73 30 13
  7 73 31 13
  7 73 32 13
  7 73 33 13
  7 73 34 13
  7 73 35 13
  7 73 36 13
  7 73 37 13
  7 73 38 13
  7 73 39 13
  7 73 40 13
  7 74 2 13
  7 74 3 13
  7 74 4 13
  7 74 5 13
  7 74 6 13
  7 74 7 13
  7 74 8 13
  7 74 9 13
  7 74 10 13
  7 74 11 13
  7 74 12 13
  7 74 13 13
  7 74 14 13
  7 74 15 13
  7 74 16 13
  7 74 17 13
  7 74 18 13
  7 74 19 13
  7 74 20 13
  7 74 21 13
  7 74 22 13
  7 74 23 13
  7 74 24 13
  7 74 25 13
  7 74 26 13
  7 74 27 13
  7 74 28 13
  7 74 29 13
  7 74 30 13
  7 74 31 13
  7 74 32 13
  7 74 33 13
  7 74 34 13
  7 74 35 13
  7 74 36 13
  7 74 37 13
  7 74 38 13
  7 75 2 13
  7 75 3 13
  7 75 4 13
  7 75 5 13
  7 75 6 13
  7 75 7 13
  7 75 8 13
  7 75 9 13
  7 75 10 13
  7 75 11 13
  7 75 12 13
  7 75 13 13
  7 75 14 13
  7 75 15 13
  7 75 16 13
  7 75 17 13
  7 75 18 13
  7 75 19 13
  7 75 20 13
  7 75 21 13
  7 75 22 13
  7 75 23 13
  7 75 24 13
  7 75 25 13
  7 75 26 13
  7 75 27 13
  7 75 28 13
  7 75 29 13
  7 75 30 13
  7 75 31 13
  7 75 32 13
  7 75 33 13
  7 75 34 13
  7 75 35 13
  7 75 36 13
  7 75 37 13
  7 76 2 13
  7 76 3 13
  7 76 4 13
  7 76 5 13
  7 76 6 13
  7 76 7 13
  7 76 8 13
  7 76 9 13
  7 76 10 13
  7 76 11 13
  7 76 12 13
  7 76 13 13
  7 76 14 13
  7 76 15 13
  7 76 16 13
  7 76 17 13
  7 76 18 13
  7 76 19 13
  7 76 20 13
  7 76 21 13
  7 76 22 13
  7 76 23 13
  7 76 24 13
  7 76 25 13
  7 76 26 13
  7 76 27 13
  7 76 28 13
  7 76 29 13
  7 76 30 13
  7 76 31 13
  7 76 32 13
  7 76 33 13
  7 76 34 13
  7 76 35 13
  7 77 2 13
  7 77 3 13
  7 77 4 13
  7 77 5 13
  7 77 6 13
  7 77 7 13
  7 77 8 13
  7 77 9 13
  7 77 10 13
  7 77 11 13
  7 77 12 13
  7 77 13 13
  7 77 14 13
  7 77 15 13
  7 77 16 13
  7 77 17 13
  7 77 18 13
  7 77 19 13
  7 77 20 13
  7 77 21 13
  7 77 22 13
  7 77 23 13
  7 77 24 13
  7 77 25 13
  7 77 26 13
  7 77 27 13
  7 77 28 13
  7 77 29 13
  7 77 30 13
  7 77 31 13
  7 77 32 13
  7 77 33 13
  7 77 34 13
  7 78 2 13
  7 78 3 13
  7 78 4 13
  7 78 5 13
  7 78 6 13
  7 78 7 13
  7 78 8 13
  7 78 9 13
  7 78 10 13
  7 78 11 13
  7 78 12 13
  7 78 13 13
  7 78 14 13
  7 78 15 13
  7 78 16 13
  7 78 17 13
  7 78 18 13
  7 78 19 13
  7 78 20 13
  7 78 21 13
  7 78 22 13
  7 78 23 13
  7 78 24 13
  7 78 25 13
  7 78 26 13
  7 78 27 13
  7 78 28 13
  7 78 29 13
  7 78 30 13
  7 78 31 13
  7 79 1 13
  7 79 2 13
  7 79 3 13
  7 79 4 13
  7 79 5 13
  7 79 6 13
  7 79 7 13
  7 79 8 13
  7 79 9 13
  7 79 10 13
  7 79 11 13
  7 79 12 13
  7 79 13 13
  7 79 14 13
  7 79 15 13
  7 79 16 13
  7 79 17 13
  7 79 18 13
  7 79 19 13
  7 79 20 13
  7 79 21 13
  7 79 22 13
  7 79 23 13
  7 79 24 13
  7 79 25 13
  7 79 26 13
  7 79 27 13
  7 79 28 13
  7 80 1 13
  7 80 2 13
  7 80 3 13
  7 80 4 13
  7 80 5 13
  7 80 6 13
  7 80 7 13
  7 80 8 13
  7 80 9 13
  7 80 10 13
  7 80 11 13
  7 80 12 13
  7 80 13 13
  7 80 14 13
  7 80 15 13
  7 80 16 13
  7 80 17 13
  7 80 18 13
  7 80 19 13
  7 80 20 13
  7 80 21 13
  7 80 22 13
  7 80 23 13
  7 80 24 13
  7 80 25 13
  7 80 26 13
  7 81 1 13
  7 81 2 13
  7 81 3 13
  7 81 4 13
  7 81 5 13
  7 81 6 13
  7 81 7 13
  7 81 8 13
  7 81 9 13
  7 81 10 13
  7 81 11 13
  7 81 12 13
  7 81 13 13
  7 81 14 13
  7 81 15 13
  7 81 16 13
  7 81 17 13
  7 81 18 13
  7 81 19 13
  7 81 20 13
  7 81 21 13
  7 81 22 13
  7 81 23 13
  7 81 24 13
  7 82 1 13
  7 82 2 13
  7 82 3 13
  7 82 4 13
  7 82 5 13
  7 82 6 13
  7 82 7 13
  7 82 8 13
  7 82 9 13
  7 82 10 13
  7 82 11 13
  7 82 12 13
  7 82 13 13
  7 82 14 13
  7 82 15 13
  7 82 16 13
  7 82 17 13
  7 82 18 13
  7 82 19 13
  7 82 20 13
  7 82 21 13
  7 82 22 13
  7 82 23 13
  7 83 1 13
  7 83 2 13
  7 83 3 13
  7 83 4 13
  7 83 5 13
  7 83 6 13
  7 83 7 13
  7 83 8 13
  7 83 9 13
  7 83 10 13
  7 83 11 13
  7 83 12 13
  7 83 13 13
  7 83 14 13
  7 83 15 13
  7 83 16 13
  7 83 17 13
  7 83 18 13
  7 83 19 13
  7 83 20 13
  7 83 21 13
  7 84 1 13
  7 84 2 13
  7 84 3 13
  7 84 4 13
  7 84 5 13
  7 84 6 13
  7 84 7 13
  7 84 8 13
  7 84 9 13
  7 84 10 13
  7 84 11 13
  7 84 12 13
  7 84 13 13
  7 84 14 13
  7 84 15 13
  7 84 16 13
  7 84 17 13
  7 84 18 13
  7 84 19 13
  7 85 1 13
  7 85 2 13
  7 85 3 13
  7 85 4 13
  7 85 5 13
  7 85 6 13
  7 85 7 13
  7 85 8 13
  7 85 9 13
  7 85 10 13
  7 85 11 13
  7 85 12 13
  7 85 13 13
  7 85 14 13
  7 85 15 13
  7 85 16 13
  7 86 1 13
  7 86 2 13
  7 86 3 13
  7 86 4 13
  7 86 5 13
  7 86 6 13
  7 86 7 13
  7 86 8 13
  7 86 9 13
  7 86 10 13
  7 86 11 13
  7 86 12 13
  7 86 13 13
  7 87 1 13
  7 87 2 13
  7 87 3 13
  7 87 4 13
  7 87 5 13
  7 87 6 13
  7 87 7 13
  7 87 8 13
  7 87 9 13
  7 87 10 13
  7 88 1 13
  7 88 2 13
  7 88 3 13
  7 88 4 13
  7 88 5 13
  7 88 6 13
  7 88 7 13
  7 88 8 13
  7 88 9 13
  7 89 1 13
  7 89 2 13
  7 89 3 13
  7 89 4 13
  7 89 5 13
  7 89 6 13
  7 89 7 13
  7 90 1 13
  7 90 2 13
  7 90 3 13
  7 90 4 13
  7 90 5 13
  7 91 1 13
  7 91 2 13
  7 91 3 13
  7 91 4 13
  7 92 1 13
  7 92 2 13
