  0 1 82 -1
  0 1 83 -1
  0 1 84 -1
  0 1 85 -1
  0 1 86 -1
  0 1 87 -1
  0 1 88 -1
  0 1 89 -1
  0 1 90 -1
  0 1 91 -1
  0 1 92 -1
  0 1 93 -1
  0 1 94 -1
  0 1 95 -1
  0 1 96 -1
  0 1 97 -1
  0 1 98 -1
  0 1 99 -1
  0 1 100 -1
  0 1 101 -1
  0 1 102 -1
  0 2 103 -1
  0 2 104 -1
  0 2 105 -1
  0 2 106 -1
  0 2 107 -1
  0 2 108 -1
  0 2 109 -1
  0 2 110 -1
  0 2 111 -1
  0 2 112 -1
  0 2 113 -1
  0 2 114 -1
  0 2 115 -1
  0 2 116 -1
  0 2 117 -1
  0 2 118 -1
  0 2 119 -1
  0 2 120 -1
  0 2 121 -1
  0 2 122 -1
  0 2 123 -1
  0 2 124 -1
  0 2 125 -1
  0 2 126 -1
  0 2 127 -1
  0 2 128 -1
  0 2 129 -1
  0 2 130 -1
  0 2 131 -1
  0 2 132 -1
  0 2 133 -1
  0 2 134 -1
  0 2 135 -1
  0 2 136 -1
  0 2 137 -1
  0 2 138 -1
  0 2 139 -1
  0 3 140 -1
  0 3 141 -1
  0 3 142 -1
  0 3 143 -1
  0 3 144 -1
  0 3 145 -1
  0 3 146 -1
  0 3 147 -1
  0 3 148 -1
  0 3 149 -1
  0 4 149 -1
  0 5 149 -1
  0 6 149 -1
  0 7 149 -1
  0 8 149 -1
  0 9 149 -1
  0 10 149 -1
  0 11 149 -1
  0 12 149 -1
  0 13 149 -1
  0 14 149 -1
  0 15 149 -1
  0 16 149 -1
  0 17 149 -1
  0 18 149 -1
  0 19 149 -1
  0 20 149 -1
  0 21 149 -1
  0 22 149 -1
  0 23 149 -1
  0 24 149 -1
  0 25 149 -1
  0 26 149 -1
  0 27 149 -1
  0 28 149 -1
  0 29 149 -1
  0 30 149 -1
  0 31 149 -1
  0 32 149 -1
  0 33 149 -1
  0 34 149 -1
  0 35 149 -1
  0 36 149 -1
  0 37 149 -1
  0 38 149 -1
  0 39 149 -1
  0 40 149 -1
  0 41 149 -1
  0 42 149 -1
  0 43 149 -1
  0 44 149 -1
  0 45 149 -1
  0 46 149 -1
  0 47 149 -1
  0 48 148 -1
  0 48 149 -1
  1 1 82 -1
  1 1 83 -1
  1 1 84 -1
  1 1 85 -1
  1 1 86 -1
  1 1 87 -1
  1 1 88 -1
  1 1 89 -1
  1 1 90 -1
  1 1 91 -1
  1 1 92 -1
  1 1 93 -1
  1 1 94 -1
  1 1 95 -1
  1 1 96 -1
  1 1 97 -1
  1 1 98 -1
  1 1 99 -1
  1 1 100 -1
  1 1 101 -1
  1 1 102 -1
  1 2 103 -1
  1 2 104 -1
  1 2 105 -1
  1 2 106 -1
  1 2 107 -1
  1 2 108 -1
  1 2 109 -1
  1 2 110 -1
  1 2 111 -1
  1 2 112 -1
  1 2 113 -1
  1 2 114 -1
  1 2 115 -1
  1 2 116 -1
  1 2 117 -1
  1 2 118 -1
  1 2 119 -1
  1 2 120 -1
  1 2 121 -1
  1 2 122 -1
  1 2 123 -1
  1 2 124 -1
  1 2 125 -1
  1 2 126 -1
  1 2 127 -1
  1 2 128 -1
  1 2 129 -1
  1 2 130 -1
  1 2 131 -1
  1 2 132 -1
  1 2 133 -1
  1 2 134 -1
  1 2 135 -1
  1 2 136 -1
  1 2 137 -1
  1 2 138 -1
  1 2 139 -1
  1 3 140 -1
  1 3 141 -1
  1 3 142 -1
  1 3 143 -1
  1 3 144 -1
  1 3 145 -1
  1 3 146 -1
  1 3 147 -1
  1 3 148 -1
  1 3 149 -1
  1 4 149 -1
  1 5 149 -1
  1 6 149 -1
  1 7 149 -1
  1 8 149 -1
  1 9 149 -1
  1 10 149 -1
  1 11 149 -1
  1 12 149 -1
  1 13 149 -1
  1 14 149 -1
  1 15 149 -1
  1 16 149 -1
  1 17 149 -1
  1 18 149 -1
  1 19 149 -1
  1 20 149 -1
  1 21 149 -1
  1 22 149 -1
  1 23 149 -1
  1 24 149 -1
  1 25 149 -1
  1 26 149 -1
  1 27 149 -1
  1 28 149 -1
  1 29 149 -1
  1 30 149 -1
  1 31 149 -1
  1 32 149 -1
  1 33 149 -1
  1 34 149 -1
  1 35 149 -1
  1 36 149 -1
  1 37 149 -1
  1 38 149 -1
  1 39 149 -1
  1 40 149 -1
  1 41 149 -1
  1 42 149 -1
  1 43 149 -1
  1 44 149 -1
  1 45 149 -1
  1 46 149 -1
  1 47 149 -1
  1 48 148 -1
  1 48 149 -1
  2 1 82 -1
  2 1 83 -1
  2 1 84 -1
  2 1 85 -1
  2 1 86 -1
  2 1 87 -1
  2 1 88 -1
  2 1 89 -1
  2 1 90 -1
  2 1 91 -1
  2 1 92 -1
  2 1 93 -1
  2 1 94 -1
  2 1 95 -1
  2 1 96 -1
  2 1 97 -1
  2 1 98 -1
  2 1 99 -1
  2 1 100 -1
  2 1 101 -1
  2 1 102 -1
  2 2 103 -1
  2 2 104 -1
  2 2 105 -1
  2 2 106 -1
  2 2 107 -1
  2 2 108 -1
  2 2 109 -1
  2 2 110 -1
  2 2 111 -1
  2 2 112 -1
  2 2 113 -1
  2 2 114 -1
  2 2 115 -1
  2 2 116 -1
  2 2 117 -1
  2 2 118 -1
  2 2 119 -1
  2 2 120 -1
  2 2 121 -1
  2 2 122 -1
  2 2 123 -1
  2 2 124 -1
  2 2 125 -1
  2 2 126 -1
  2 2 127 -1
  2 2 128 -1
  2 2 129 -1
  2 2 130 -1
  2 2 131 -1
  2 2 132 -1
  2 2 133 -1
  2 2 134 -1
  2 2 135 -1
  2 2 136 -1
  2 2 137 -1
  2 2 138 -1
  2 2 139 -1
  2 3 140 -1
  2 3 141 -1
  2 3 142 -1
  2 3 143 -1
  2 3 144 -1
  2 3 145 -1
  2 3 146 -1
  2 3 147 -1
  2 3 148 -1
  2 3 149 -1
  2 4 149 -1
  2 5 149 -1
  2 6 149 -1
  2 7 149 -1
  2 8 149 -1
  2 9 149 -1
  2 10 149 -1
  2 11 149 -1
  2 12 149 -1
  2 13 149 -1
  2 14 149 -1
  2 15 149 -1
  2 16 149 -1
  2 17 149 -1
  2 18 149 -1
  2 19 149 -1
  2 20 149 -1
  2 21 149 -1
  2 22 149 -1
  2 23 149 -1
  2 24 149 -1
  2 25 149 -1
  2 26 149 -1
  2 27 149 -1
  2 28 149 -1
  2 29 149 -1
  2 30 149 -1
  2 31 149 -1
  2 32 149 -1
  2 33 149 -1
  2 34 149 -1
  2 35 149 -1
  2 36 149 -1
  2 37 149 -1
  2 38 149 -1
  2 39 149 -1
  2 40 149 -1
  2 41 149 -1
  2 42 149 -1
  2 43 149 -1
  2 44 149 -1
  2 45 149 -1
  2 46 149 -1
  2 47 149 -1
  2 48 148 -1
  2 48 149 -1
  3 1 82 -1
  3 1 83 -1
  3 1 84 -1
  3 1 85 -1
  3 1 86 -1
  3 1 87 -1
  3 1 88 -1
  3 1 89 -1
  3 1 90 -1
  3 1 91 -1
  3 1 92 -1
  3 1 93 -1
  3 1 94 -1
  3 1 95 -1
  3 1 96 -1
  3 1 97 -1
  3 1 98 -1
  3 1 99 -1
  3 1 100 -1
  3 1 101 -1
  3 1 102 -1
  3 2 103 -1
  3 2 104 -1
  3 2 105 -1
  3 2 106 -1
  3 2 107 -1
  3 2 108 -1
  3 2 109 -1
  3 2 110 -1
  3 2 111 -1
  3 2 112 -1
  3 2 113 -1
  3 2 114 -1
  3 2 115 -1
  3 2 116 -1
  3 2 117 -1
  3 2 118 -1
  3 2 119 -1
  3 2 120 -1
  3 2 121 -1
  3 2 122 -1
  3 2 123 -1
  3 2 124 -1
  3 2 125 -1
  3 2 126 -1
  3 2 127 -1
  3 2 128 -1
  3 2 129 -1
  3 2 130 -1
  3 2 131 -1
  3 2 132 -1
  3 2 133 -1
  3 2 134 -1
  3 2 135 -1
  3 2 136 -1
  3 2 137 -1
  3 2 138 -1
  3 2 139 -1
  3 3 140 -1
  3 3 141 -1
  3 3 142 -1
  3 3 143 -1
  3 3 144 -1
  3 3 145 -1
  3 3 146 -1
  3 3 147 -1
  3 3 148 -1
  3 3 149 -1
  3 4 149 -1
  3 5 149 -1
  3 6 149 -1
  3 7 149 -1
  3 8 149 -1
  3 9 149 -1
  3 10 149 -1
  3 11 149 -1
  3 12 149 -1
  3 13 149 -1
  3 14 149 -1
  3 15 149 -1
  3 16 149 -1
  3 17 149 -1
  3 18 149 -1
  3 19 149 -1
  3 20 149 -1
  3 21 149 -1
  3 22 149 -1
  3 23 149 -1
  3 24 149 -1
  3 25 149 -1
  3 26 149 -1
  3 27 149 -1
  3 28 149 -1
  3 29 149 -1
  3 30 149 -1
  3 31 149 -1
  3 32 149 -1
  3 33 149 -1
  3 34 149 -1
  3 35 149 -1
  3 36 149 -1
  3 37 149 -1
  3 38 149 -1
  3 39 149 -1
  3 40 149 -1
  3 41 149 -1
  3 42 149 -1
  3 43 149 -1
  3 44 149 -1
  3 45 149 -1
  3 46 149 -1
  3 47 149 -1
  3 48 148 -1
  3 48 149 -1
  4 1 82 -1
  4 1 83 -1
  4 1 84 -1
  4 1 85 -1
  4 1 86 -1
  4 1 87 -1
  4 1 88 -1
  4 1 89 -1
  4 1 90 -1
  4 1 91 -1
  4 1 92 -1
  4 1 93 -1
  4 1 94 -1
  4 1 95 -1
  4 1 96 -1
  4 1 97 -1
  4 1 98 -1
  4 1 99 -1
  4 1 100 -1
  4 1 101 -1
  4 1 102 -1
  4 2 103 -1
  4 2 104 -1
  4 2 105 -1
  4 2 106 -1
  4 2 107 -1
  4 2 108 -1
  4 2 109 -1
  4 2 110 -1
  4 2 111 -1
  4 2 112 -1
  4 2 113 -1
  4 2 114 -1
  4 2 115 -1
  4 2 116 -1
  4 2 117 -1
  4 2 118 -1
  4 2 119 -1
  4 2 120 -1
  4 2 121 -1
  4 2 122 -1
  4 2 123 -1
  4 2 124 -1
  4 2 125 -1
  4 2 126 -1
  4 2 127 -1
  4 2 128 -1
  4 2 129 -1
  4 2 130 -1
  4 2 131 -1
  4 2 132 -1
  4 2 133 -1
  4 2 134 -1
  4 2 135 -1
  4 2 136 -1
  4 2 137 -1
  4 2 138 -1
  4 2 139 -1
  4 3 140 -1
  4 3 141 -1
  4 3 142 -1
  4 3 143 -1
  4 3 144 -1
  4 3 145 -1
  4 3 146 -1
  4 3 147 -1
  4 3 148 -1
  4 3 149 -1
  4 4 149 -1
  4 5 149 -1
  4 6 149 -1
  4 7 149 -1
  4 8 149 -1
  4 9 149 -1
  4 10 149 -1
  4 11 149 -1
  4 12 149 -1
  4 13 149 -1
  4 14 149 -1
  4 15 149 -1
  4 16 149 -1
  4 17 149 -1
  4 18 149 -1
  4 19 149 -1
  4 20 149 -1
  4 21 149 -1
  4 22 149 -1
  4 23 149 -1
  4 24 149 -1
  4 25 149 -1
  4 26 149 -1
  4 27 149 -1
  4 28 149 -1
  4 29 149 -1
  4 30 149 -1
  4 31 149 -1
  4 32 149 -1
  4 33 149 -1
  4 34 149 -1
  4 35 149 -1
  4 36 149 -1
  4 37 149 -1
  4 38 149 -1
  4 39 149 -1
  4 40 149 -1
  4 41 149 -1
  4 42 149 -1
  4 43 149 -1
  4 44 149 -1
  4 45 149 -1
  4 46 149 -1
  4 47 149 -1
  4 48 148 -1
  4 48 149 -1
  5 1 82 -1
  5 1 83 -1
  5 1 84 -1
  5 1 85 -1
  5 1 86 -1
  5 1 87 -1
  5 1 88 -1
  5 1 89 -1
  5 1 90 -1
  5 1 91 -1
  5 1 92 -1
  5 1 93 -1
  5 1 94 -1
  5 1 95 -1
  5 1 96 -1
  5 1 97 -1
  5 1 98 -1
  5 1 99 -1
  5 1 100 -1
  5 1 101 -1
  5 1 102 -1
  5 2 103 -1
  5 2 104 -1
  5 2 105 -1
  5 2 106 -1
  5 2 107 -1
  5 2 108 -1
  5 2 109 -1
  5 2 110 -1
  5 2 111 -1
  5 2 112 -1
  5 2 113 -1
  5 2 114 -1
  5 2 115 -1
  5 2 116 -1
  5 2 117 -1
  5 2 118 -1
  5 2 119 -1
  5 2 120 -1
  5 2 121 -1
  5 2 122 -1
  5 2 123 -1
  5 2 124 -1
  5 2 125 -1
  5 2 126 -1
  5 2 127 -1
  5 2 128 -1
  5 2 129 -1
  5 2 130 -1
  5 2 131 -1
  5 2 132 -1
  5 2 133 -1
  5 2 134 -1
  5 2 135 -1
  5 2 136 -1
  5 2 137 -1
  5 2 138 -1
  5 2 139 -1
  5 3 140 -1
  5 3 141 -1
  5 3 142 -1
  5 3 143 -1
  5 3 144 -1
  5 3 145 -1
  5 3 146 -1
  5 3 147 -1
  5 3 148 -1
  5 3 149 -1
  5 4 149 -1
  5 5 149 -1
  5 6 149 -1
  5 7 149 -1
  5 8 149 -1
  5 9 149 -1
  5 10 149 -1
  5 11 149 -1
  5 12 149 -1
  5 13 149 -1
  5 14 149 -1
  5 15 149 -1
  5 16 149 -1
  5 17 149 -1
  5 18 149 -1
  5 19 149 -1
  5 20 149 -1
  5 21 149 -1
  5 22 149 -1
  5 23 149 -1
  5 24 149 -1
  5 25 149 -1
  5 26 149 -1
  5 27 149 -1
  5 28 149 -1
  5 29 149 -1
  5 30 149 -1
  5 31 149 -1
  5 32 149 -1
  5 33 149 -1
  5 34 149 -1
  5 35 149 -1
  5 36 149 -1
  5 37 149 -1
  5 38 149 -1
  5 39 149 -1
  5 40 149 -1
  5 41 149 -1
  5 42 149 -1
  5 43 149 -1
  5 44 149 -1
  5 45 149 -1
  5 46 149 -1
  5 47 149 -1
  5 48 148 -1
  5 48 149 -1
