1 3 119 8.644000053405762 100
1 4 119 8.593999862670898 100
1 5 118 8.604000091552734 100
1 5 149 8.70300006866455 100
1 5 150 8.687000274658203 100
1 6 118 8.618000030517578 100
1 6 147 8.73900032043457 100
1 6 148 8.6899995803833 100
1 7 117 8.564000129699707 100
1 7 145 8.694000244140625 100
1 7 146 8.680999755859375 100
1 8 117 8.607000350952148 100
1 8 143 9.449000358581543 100
1 8 144 8.645999908447266 100
1 9 116 8.609000205993652 100
1 9 141 8.720000267028809 100
1 9 142 8.72700023651123 100
1 10 115 8.581000328063965 100
1 10 139 8.734000205993652 100
1 10 140 8.713000297546387 100
1 11 114 8.652999877929688 100
1 11 137 8.73799991607666 100
1 11 138 8.741000175476074 100
1 12 114 8.654999732971191 100
1 12 135 8.829999923706055 100
1 12 136 8.779000282287598 100
1 13 113 8.579000473022461 100
1 13 133 8.831000328063965 100
1 13 134 8.84000015258789 100
1 14 113 8.595999717712402 100
1 14 131 8.657999992370605 100
1 14 132 8.604999542236328 100
1 15 113 8.579999923706055 100
1 15 129 8.928000450134277 100
1 15 130 8.743000030517578 100
1 16 113 8.630999565124512 100
1 16 127 8.916000366210938 100
1 16 128 8.895000457763672 100
1 17 113 8.694999694824219 100
1 17 125 9.045000076293945 100
1 17 126 8.954000473022461 100
1 17 149 5.89300012588501 100
1 17 150 5.890999794006348 100
1 18 113 10.029999732971191 100
1 18 123 9.638999938964844 100
1 18 124 9.690999984741211 100
1 18 148 5.853000164031982 100
1 19 112 8.532999992370605 100
1 19 121 8.977999687194824 100
1 19 122 8.96399974822998 100
1 19 139 5.954999923706055 100
1 19 140 5.908999919891357 100
1 19 141 5.9079999923706055 100
1 19 142 5.890999794006348 100
1 19 143 5.914000034332275 100
1 19 144 5.943999767303467 100
1 19 145 5.88700008392334 100
1 19 146 5.875 100
1 19 147 5.918000221252441 100
1 20 112 8.522000312805176 100
1 20 119 9.074999809265137 100
1 20 120 9.0600004196167 100
1 20 137 6.019999980926514 100
1 20 138 5.964000225067139 100
1 21 32 6.999000072479248 100
1 21 112 8.52400016784668 100
1 21 117 9.144000053405762 100
1 21 118 9.157999992370605 100
1 21 136 6.078999996185303 100
1 22 33 6.958000183105469 100
1 22 34 6.926000118255615 100
1 22 35 6.9029998779296875 100
1 22 112 8.506999969482422 100
1 22 115 9.255999565124512 100
1 22 116 9.234999656677246 100
1 22 134 6.11899995803833 100
1 22 135 6.104000091552734 100
1 23 36 6.949999809265137 100
1 23 37 6.882999897003174 100
1 23 38 6.849999904632568 100
1 23 111 8.437999725341797 100
1 23 114 9.4399995803833 100
1 23 132 6.176000118255615 100
1 23 133 6.13100004196167 100
1 24 39 6.85699987411499 100
1 24 40 6.910999774932861 100
1 24 41 6.869999885559082 100
1 24 111 8.463000297546387 100
1 24 130 6.172999858856201 100
1 24 131 6.151000022888184 100
1 25 42 6.848999977111816 100
1 25 43 6.8520002365112305 100
1 25 44 6.882999897003174 100
1 25 110 11.565999984741211 100
1 25 129 6.218999862670898 100
1 26 45 6.836999893188477 100
1 26 46 6.882999897003174 100
1 26 47 6.803999900817871 100
1 26 110 9.677000045776367 100
1 26 127 6.269999980926514 100
1 26 128 6.2210001945495605 100
1 27 48 6.8470001220703125 100
1 27 49 6.889999866485596 100
1 27 50 6.945000171661377 100
1 27 110 8.63599967956543 100
1 27 125 6.296000003814697 100
1 27 126 6.28000020980835 100
1 28 51 6.830999851226807 100
1 28 52 7.0370001792907715 100
1 28 110 8.288999557495117 100
1 28 123 6.27400016784668 100
1 28 124 6.296999931335449 100
1 29 53 6.863999843597412 100
1 29 110 10.574999809265137 100
1 29 115 7.756999969482422 100
1 29 116 6.65500020980835 100
1 29 117 6.318999767303467 100
1 29 118 6.327000141143799 100
1 29 119 6.348999977111816 100
1 29 120 6.310999870300293 100
1 29 121 6.322999954223633 100
1 29 122 6.322999954223633 100
1 30 54 6.820000171661377 100
1 30 55 6.823999881744385 100
1 30 109 10.67300033569336 100
1 30 113 6.436999797821045 100
1 30 114 6.409999847412109 100
1 31 56 6.89300012588501 100
1 31 57 6.9079999923706055 100
1 31 109 10.630000114440918 100
1 31 112 6.421999931335449 100
1 32 58 6.868000030517578 100
1 32 108 10.579999923706055 100
1 32 112 6.427000045776367 100
1 33 59 6.890999794006348 100
1 33 108 10.57800006866455 100
1 33 112 6.452000141143799 100
1 34 60 6.853000164031982 100
1 34 107 9.894000053405762 100
1 34 111 6.480999946594238 100
1 35 61 6.813000202178955 100
1 35 107 10.593999862670898 100
1 35 111 6.448999881744385 100
1 36 62 6.804999828338623 100
1 36 106 10.263999938964844 100
1 36 111 6.520999908447266 100
1 37 62 7.940999984741211 100
1 37 106 9.881999969482422 100
1 37 111 6.5980000495910645 100
1 38 63 6.855000019073486 100
1 38 105 8.991999626159668 100
1 38 111 7.211999893188477 100
1 39 64 6.78000020980835 100
1 39 100 6.545000076293945 100
1 39 101 6.571000099182129 100
1 39 102 10.779000282287598 100
1 39 103 7.375999927520752 100
1 39 104 6.5229997634887695 100
1 39 105 6.76200008392334 100
1 39 111 6.519000053405762 100
1 40 65 6.797999858856201 100
1 40 99 6.502999782562256 100
1 40 106 6.552999973297119 100
1 40 111 6.493000030517578 100
1 41 66 6.776000022888184 100
1 41 67 6.749000072479248 100
1 41 68 6.789000034332275 100
1 41 97 6.672999858856201 100
1 41 98 6.538000106811523 100
1 41 107 6.48199987411499 100
1 41 108 6.517000198364258 100
1 42 69 6.718999862670898 100
1 42 96 6.539000034332275 100
1 43 70 6.744999885559082 100
1 43 95 6.552000045776367 100
1 44 71 6.7270002365112305 100
1 44 72 6.7220001220703125 100
1 44 94 6.546999931335449 100
1 45 73 6.732999801635742 100
1 45 93 6.572999954223633 100
1 46 74 6.7769999504089355 100
1 46 92 6.541999816894531 100
1 47 75 6.796999931335449 100
1 47 76 6.790999889373779 100
1 47 91 6.550000190734863 100
1 48 77 6.690999984741211 100
1 48 90 6.553999900817871 100
1 49 78 6.6479997634887695 100
1 49 89 6.556000232696533 100
1 50 79 6.677000045776367 100
1 50 89 6.580999851226807 100
1 51 80 6.698999881744385 100
1 51 88 6.5879998207092285 100
1 52 81 6.622000217437744 100
1 52 82 6.709000110626221 100
1 52 88 6.619999885559082 100
1 53 83 6.590000152587891 100
1 53 84 6.599999904632568 100
1 53 88 6.52400016784668 100
1 54 85 6.651000022888184 100
1 54 86 6.578999996185303 100
1 54 87 6.590000152587891 100
1 54 89 6.574999809265137 100
1 55 89 6.559999942779541 100
1 56 89 6.585999965667725 100
1 57 88 6.525000095367432 100
1 58 87 6.579999923706055 100
1 59 85 6.573999881744385 100
1 59 86 6.570000171661377 100
1 60 84 6.671999931335449 100
1 61 84 6.547999858856201 100
1 62 85 6.614999771118164 100
1 63 84 6.590000152587891 100
1 64 84 6.609000205993652 100
1 65 83 6.7170000076293945 100
1 66 83 6.553999900817871 100
1 67 83 6.6620001792907715 100
1 68 81 6.605000019073486 100
1 68 82 6.577000141143799 100
1 69 80 6.576000213623047 100
1 69 82 6.625999927520752 100
1 69 88 7.171000003814697 100
1 69 89 7.263000011444092 100
1 70 78 7.046000003814697 100
1 70 79 7.072999954223633 100
1 70 83 7.178999900817871 100
1 70 87 7.150000095367432 100
1 70 90 7.3470001220703125 100
1 71 76 7.079999923706055 100
1 71 77 7.056000232696533 100
1 71 83 7.263000011444092 100
1 71 84 7.130000114440918 100
1 71 85 7.130000114440918 100
1 71 86 7.26200008392334 100
1 71 90 7.389999866485596 100
1 72 73 7.11299991607666 100
1 72 74 7.093999862670898 100
1 72 75 7.122000217437744 100
1 72 91 7.329999923706055 100
1 73 70 7.146999835968018 100
1 73 71 7.133999824523926 100
1 73 72 7.138999938964844 100
1 73 91 7.451000213623047 100
1 74 67 7.14300012588501 100
1 74 68 7.172999858856201 100
1 74 69 7.140999794006348 100
1 74 91 7.339000225067139 100
1 75 64 7.230000019073486 100
1 75 65 7.163000106811523 100
1 75 66 7.163000106811523 100
1 75 91 7.335000038146973 100
1 76 62 7.216000080108643 100
1 76 63 7.203999996185303 100
1 76 89 7.646999835968018 100
1 76 90 7.515999794006348 100
1 77 47 8.187000274658203 100
1 77 48 7.916999816894531 100
1 77 49 7.572000026702881 100
1 77 50 7.359000205993652 100
1 77 51 7.401000022888184 100
1 77 52 7.4029998779296875 100
1 77 53 7.4029998779296875 100
1 77 54 7.359000205993652 100
1 77 55 7.283999919891357 100
1 77 56 7.2870001792907715 100
1 77 57 7.26200008392334 100
1 77 58 7.2729997634887695 100
1 77 59 7.28000020980835 100
1 77 60 7.236000061035156 100
1 77 61 7.229000091552734 100
1 77 88 7.743000030517578 100
1 78 43 7.394000053405762 100
1 78 44 7.389999866485596 100
1 78 45 7.406000137329102 100
1 78 46 7.388999938964844 100
1 78 88 7.650000095367432 100
1 79 42 7.4120001792907715 100
1 79 88 7.734000205993652 100
1 80 40 7.38100004196167 100
1 80 41 7.389999866485596 100
1 80 87 7.985000133514404 100
1 81 39 7.400000095367432 100
1 82 37 7.413000106811523 100
1 82 38 7.418000221252441 100
1 83 36 7.449999809265137 100
1 84 35 7.432000160217285 100
1 85 33 7.452000141143799 100
1 85 34 7.4629998207092285 100
1 86 32 7.491000175476074 100
1 87 31 7.478000164031982 100
1 88 29 7.497000217437744 100
1 88 30 7.479000091552734 100
1 89 28 7.510000228881836 100
1 90 27 7.46999979019165 100
1 91 25 7.541999816894531 100
1 91 26 7.504000186920166 100
1 92 24 7.525000095367432 100
1 93 23 7.561999797821045 100
1 94 22 7.514999866485596 100
1 95 20 7.561999797821045 100
1 95 21 7.561999797821045 100
1 96 2 7.60699987411499 100
1 96 3 7.61299991607666 100
1 96 4 7.599999904632568 100
1 96 19 7.565999984741211 100
1 97 5 7.625999927520752 100
1 97 6 7.619999885559082 100
1 97 7 7.63100004196167 100
1 97 8 7.550000190734863 100
1 97 9 7.593999862670898 100
1 97 10 7.598999977111816 100
1 97 11 7.579999923706055 100
1 97 12 7.552999973297119 100
1 97 18 7.5370001792907715 100
1 98 13 7.578999996185303 100
1 98 14 7.566999912261963 100
1 98 15 7.568999767303467 100
1 98 16 7.566999912261963 100
1 98 17 7.559999942779541 100
