pp_0000               5.7500000000E+02      1.1850000000E+03      1           1.0000000000E+00     
pp_0001               6.2500000000E+02      1.1850000000E+03      1           1.0000000000E+00     
pp_0002               6.7500000000E+02      1.1850000000E+03      1           1.0000000000E+00     
pp_0003               7.2500000000E+02      1.1850000000E+03      1           1.0000000000E+00     
pp_0004               7.7500000000E+02      1.1850000000E+03      1           1.0000000000E+00     
pp_0005               8.2500000000E+02      1.1850000000E+03      1           1.0000000000E+00     
pp_0006               8.7500000000E+02      1.1850000000E+03      1           1.0000000000E+00     
pp_0007               9.2500000000E+02      1.1850000000E+03      1           1.0000000000E+00     
pp_0008               9.7500000000E+02      1.1850000000E+03      1           1.0000000000E+00     
pp_0009               1.0250000000E+03      1.1850000000E+03      1           1.0000000000E+00     
pp_0010               1.0750000000E+03      1.1850000000E+03      1           1.0000000000E+00     
pp_0011               1.1250000000E+03      1.1850000000E+03      1           1.0000000000E+00     
pp_0012               1.1750000000E+03      1.1850000000E+03      1           1.0000000000E+00     
pp_0013               1.2250000000E+03      1.1850000000E+03      1           1.0000000000E+00     
pp_0014               1.2750000000E+03      1.1850000000E+03      1           1.0000000000E+00     
pp_0015               1.3250000000E+03      1.1850000000E+03      1           1.0000000000E+00     
pp_0016               1.3750000000E+03      1.1850000000E+03      1           1.0000000000E+00     
pp_0017               5.2500000000E+02      1.1350000000E+03      1           1.0000000000E+00     
pp_0018               5.7500000000E+02      1.1350000000E+03      1           1.0000000000E+00     
pp_0019               6.2500000000E+02      1.1350000000E+03      1           1.0000000000E+00     
pp_0020               6.7500000000E+02      1.1350000000E+03      1           1.0000000000E+00     
pp_0021               7.2500000000E+02      1.1350000000E+03      1           1.0000000000E+00     
pp_0022               7.7500000000E+02      1.1350000000E+03      1           1.0000000000E+00     
pp_0023               8.2500000000E+02      1.1350000000E+03      1           1.0000000000E+00     
pp_0024               8.7500000000E+02      1.1350000000E+03      1           1.0000000000E+00     
pp_0025               9.2500000000E+02      1.1350000000E+03      1           1.0000000000E+00     
pp_0026               9.7500000000E+02      1.1350000000E+03      1           1.0000000000E+00     
pp_0027               1.0250000000E+03      1.1350000000E+03      1           1.0000000000E+00     
pp_0028               1.0750000000E+03      1.1350000000E+03      1           1.0000000000E+00     
pp_0029               1.1250000000E+03      1.1350000000E+03      1           1.0000000000E+00     
pp_0030               1.1750000000E+03      1.1350000000E+03      1           1.0000000000E+00     
pp_0031               1.2250000000E+03      1.1350000000E+03      1           1.0000000000E+00     
pp_0032               1.2750000000E+03      1.1350000000E+03      1           1.0000000000E+00     
pp_0033               1.3250000000E+03      1.1350000000E+03      1           1.0000000000E+00     
pp_0034               1.3750000000E+03      1.1350000000E+03      1           1.0000000000E+00     
pp_0035               1.4250000000E+03      1.1350000000E+03      1           1.0000000000E+00     
pp_0036               1.4750000000E+03      1.1350000000E+03      1           1.0000000000E+00     
pp_0037               4.2500000000E+02      1.0850000000E+03      1           1.0000000000E+00     
pp_0038               4.7500000000E+02      1.0850000000E+03      1           1.0000000000E+00     
pp_0039               5.2500000000E+02      1.0850000000E+03      1           1.0000000000E+00     
pp_0040               5.7500000000E+02      1.0850000000E+03      1           1.0000000000E+00     
pp_0041               6.2500000000E+02      1.0850000000E+03      1           1.0000000000E+00     
pp_0042               6.7500000000E+02      1.0850000000E+03      1           1.0000000000E+00     
pp_0043               7.2500000000E+02      1.0850000000E+03      1           1.0000000000E+00     
pp_0044               7.7500000000E+02      1.0850000000E+03      1           1.0000000000E+00     
pp_0045               8.2500000000E+02      1.0850000000E+03      1           1.0000000000E+00     
pp_0046               8.7500000000E+02      1.0850000000E+03      1           1.0000000000E+00     
pp_0047               9.2500000000E+02      1.0850000000E+03      1           1.0000000000E+00     
pp_0048               9.7500000000E+02      1.0850000000E+03      1           1.0000000000E+00     
pp_0049               1.0250000000E+03      1.0850000000E+03      1           1.0000000000E+00     
pp_0050               1.0750000000E+03      1.0850000000E+03      1           1.0000000000E+00     
pp_0051               1.1250000000E+03      1.0850000000E+03      1           1.0000000000E+00     
pp_0052               1.1750000000E+03      1.0850000000E+03      1           1.0000000000E+00     
pp_0053               1.2250000000E+03      1.0850000000E+03      1           1.0000000000E+00     
pp_0054               1.2750000000E+03      1.0850000000E+03      1           1.0000000000E+00     
pp_0055               1.3250000000E+03      1.0850000000E+03      1           1.0000000000E+00     
pp_0056               1.3750000000E+03      1.0850000000E+03      1           1.0000000000E+00     
pp_0057               1.4250000000E+03      1.0850000000E+03      1           1.0000000000E+00     
pp_0058               1.4750000000E+03      1.0850000000E+03      1           1.0000000000E+00     
pp_0059               3.7500000000E+02      1.0350000000E+03      1           1.0000000000E+00     
pp_0060               4.2500000000E+02      1.0350000000E+03      1           1.0000000000E+00     
pp_0061               4.7500000000E+02      1.0350000000E+03      1           1.0000000000E+00     
pp_0062               5.2500000000E+02      1.0350000000E+03      1           1.0000000000E+00     
pp_0063               5.7500000000E+02      1.0350000000E+03      1           1.0000000000E+00     
pp_0064               6.2500000000E+02      1.0350000000E+03      1           1.0000000000E+00     
pp_0065               6.7500000000E+02      1.0350000000E+03      1           1.0000000000E+00     
pp_0066               7.2500000000E+02      1.0350000000E+03      1           1.0000000000E+00     
pp_0067               7.7500000000E+02      1.0350000000E+03      1           1.0000000000E+00     
pp_0068               8.2500000000E+02      1.0350000000E+03      1           1.0000000000E+00     
pp_0069               8.7500000000E+02      1.0350000000E+03      1           1.0000000000E+00     
pp_0070               9.2500000000E+02      1.0350000000E+03      1           1.0000000000E+00     
pp_0071               9.7500000000E+02      1.0350000000E+03      1           1.0000000000E+00     
pp_0072               1.0250000000E+03      1.0350000000E+03      1           1.0000000000E+00     
pp_0073               1.0750000000E+03      1.0350000000E+03      1           1.0000000000E+00     
pp_0074               1.1250000000E+03      1.0350000000E+03      1           1.0000000000E+00     
pp_0075               1.1750000000E+03      1.0350000000E+03      1           1.0000000000E+00     
pp_0076               1.2250000000E+03      1.0350000000E+03      1           1.0000000000E+00     
pp_0077               1.2750000000E+03      1.0350000000E+03      1           1.0000000000E+00     
pp_0078               1.3250000000E+03      1.0350000000E+03      1           1.0000000000E+00     
pp_0079               1.3750000000E+03      1.0350000000E+03      1           1.0000000000E+00     
pp_0080               1.4250000000E+03      1.0350000000E+03      1           1.0000000000E+00     
pp_0081               1.4750000000E+03      1.0350000000E+03      1           1.0000000000E+00     
pp_0082               2.7500000000E+02      9.8500000000E+02      1           1.0000000000E+00     
pp_0083               3.2500000000E+02      9.8500000000E+02      1           1.0000000000E+00     
pp_0084               3.7500000000E+02      9.8500000000E+02      1           1.0000000000E+00     
pp_0085               4.2500000000E+02      9.8500000000E+02      1           1.0000000000E+00     
pp_0086               4.7500000000E+02      9.8500000000E+02      1           1.0000000000E+00     
pp_0087               5.2500000000E+02      9.8500000000E+02      1           1.0000000000E+00     
pp_0088               5.7500000000E+02      9.8500000000E+02      1           1.0000000000E+00     
pp_0089               6.2500000000E+02      9.8500000000E+02      1           1.0000000000E+00     
pp_0090               6.7500000000E+02      9.8500000000E+02      1           1.0000000000E+00     
pp_0091               7.2500000000E+02      9.8500000000E+02      1           1.0000000000E+00     
pp_0092               7.7500000000E+02      9.8500000000E+02      1           1.0000000000E+00     
pp_0093               8.2500000000E+02      9.8500000000E+02      1           1.0000000000E+00     
pp_0094               8.7500000000E+02      9.8500000000E+02      1           1.0000000000E+00     
pp_0095               9.2500000000E+02      9.8500000000E+02      1           1.0000000000E+00     
pp_0096               9.7500000000E+02      9.8500000000E+02      1           1.0000000000E+00     
pp_0097               1.0250000000E+03      9.8500000000E+02      1           1.0000000000E+00     
pp_0098               1.0750000000E+03      9.8500000000E+02      1           1.0000000000E+00     
pp_0099               1.1250000000E+03      9.8500000000E+02      1           1.0000000000E+00     
pp_0100               1.1750000000E+03      9.8500000000E+02      1           1.0000000000E+00     
pp_0101               1.2250000000E+03      9.8500000000E+02      1           1.0000000000E+00     
pp_0102               1.2750000000E+03      9.8500000000E+02      1           1.0000000000E+00     
pp_0103               1.3250000000E+03      9.8500000000E+02      1           1.0000000000E+00     
pp_0104               1.3750000000E+03      9.8500000000E+02      1           1.0000000000E+00     
pp_0105               1.4250000000E+03      9.8500000000E+02      1           1.0000000000E+00     
pp_0106               1.4750000000E+03      9.8500000000E+02      1           1.0000000000E+00     
pp_0107               2.2500000000E+02      9.3500000000E+02      1           1.0000000000E+00     
pp_0108               2.7500000000E+02      9.3500000000E+02      1           1.0000000000E+00     
pp_0109               3.2500000000E+02      9.3500000000E+02      1           1.0000000000E+00     
pp_0110               3.7500000000E+02      9.3500000000E+02      1           1.0000000000E+00     
pp_0111               4.2500000000E+02      9.3500000000E+02      1           1.0000000000E+00     
pp_0112               4.7500000000E+02      9.3500000000E+02      1           1.0000000000E+00     
pp_0113               5.2500000000E+02      9.3500000000E+02      1           1.0000000000E+00     
pp_0114               5.7500000000E+02      9.3500000000E+02      1           1.0000000000E+00     
pp_0115               6.2500000000E+02      9.3500000000E+02      1           1.0000000000E+00     
pp_0116               6.7500000000E+02      9.3500000000E+02      1           1.0000000000E+00     
pp_0117               7.2500000000E+02      9.3500000000E+02      1           1.0000000000E+00     
pp_0118               7.7500000000E+02      9.3500000000E+02      1           1.0000000000E+00     
pp_0119               8.2500000000E+02      9.3500000000E+02      1           1.0000000000E+00     
pp_0120               8.7500000000E+02      9.3500000000E+02      1           1.0000000000E+00     
pp_0121               9.2500000000E+02      9.3500000000E+02      1           1.0000000000E+00     
pp_0122               9.7500000000E+02      9.3500000000E+02      1           1.0000000000E+00     
pp_0123               1.0250000000E+03      9.3500000000E+02      1           1.0000000000E+00     
pp_0124               1.0750000000E+03      9.3500000000E+02      1           1.0000000000E+00     
pp_0125               1.1250000000E+03      9.3500000000E+02      1           1.0000000000E+00     
pp_0126               1.1750000000E+03      9.3500000000E+02      1           1.0000000000E+00     
pp_0127               1.2250000000E+03      9.3500000000E+02      1           1.0000000000E+00     
pp_0128               1.2750000000E+03      9.3500000000E+02      1           1.0000000000E+00     
pp_0129               1.3250000000E+03      9.3500000000E+02      1           1.0000000000E+00     
pp_0130               1.3750000000E+03      9.3500000000E+02      1           1.0000000000E+00     
pp_0131               1.4250000000E+03      9.3500000000E+02      1           1.0000000000E+00     
pp_0132               1.4750000000E+03      9.3500000000E+02      1           1.0000000000E+00     
pp_0133               2.2500000000E+02      8.8500000000E+02      1           1.0000000000E+00     
pp_0134               2.7500000000E+02      8.8500000000E+02      1           1.0000000000E+00     
pp_0135               3.2500000000E+02      8.8500000000E+02      1           1.0000000000E+00     
pp_0136               3.7500000000E+02      8.8500000000E+02      1           1.0000000000E+00     
pp_0137               4.2500000000E+02      8.8500000000E+02      1           1.0000000000E+00     
pp_0138               4.7500000000E+02      8.8500000000E+02      1           1.0000000000E+00     
pp_0139               5.2500000000E+02      8.8500000000E+02      1           1.0000000000E+00     
pp_0140               5.7500000000E+02      8.8500000000E+02      1           1.0000000000E+00     
pp_0141               6.2500000000E+02      8.8500000000E+02      1           1.0000000000E+00     
pp_0142               6.7500000000E+02      8.8500000000E+02      1           1.0000000000E+00     
pp_0143               7.2500000000E+02      8.8500000000E+02      1           1.0000000000E+00     
pp_0144               7.7500000000E+02      8.8500000000E+02      1           1.0000000000E+00     
pp_0145               8.2500000000E+02      8.8500000000E+02      1           1.0000000000E+00     
pp_0146               8.7500000000E+02      8.8500000000E+02      1           1.0000000000E+00     
pp_0147               9.2500000000E+02      8.8500000000E+02      1           1.0000000000E+00     
pp_0148               9.7500000000E+02      8.8500000000E+02      1           1.0000000000E+00     
pp_0149               1.0250000000E+03      8.8500000000E+02      1           1.0000000000E+00     
pp_0150               1.0750000000E+03      8.8500000000E+02      1           1.0000000000E+00     
pp_0151               1.1250000000E+03      8.8500000000E+02      1           1.0000000000E+00     
pp_0152               1.1750000000E+03      8.8500000000E+02      1           1.0000000000E+00     
pp_0153               1.2250000000E+03      8.8500000000E+02      1           1.0000000000E+00     
pp_0154               1.2750000000E+03      8.8500000000E+02      1           1.0000000000E+00     
pp_0155               1.3250000000E+03      8.8500000000E+02      1           1.0000000000E+00     
pp_0156               1.3750000000E+03      8.8500000000E+02      1           1.0000000000E+00     
pp_0157               1.4250000000E+03      8.8500000000E+02      1           1.0000000000E+00     
pp_0158               1.4750000000E+03      8.8500000000E+02      1           1.0000000000E+00     
pp_0159               1.7500000000E+02      8.3500000000E+02      1           1.0000000000E+00     
pp_0160               2.2500000000E+02      8.3500000000E+02      1           1.0000000000E+00     
pp_0161               2.7500000000E+02      8.3500000000E+02      1           1.0000000000E+00     
pp_0162               3.2500000000E+02      8.3500000000E+02      1           1.0000000000E+00     
pp_0163               3.7500000000E+02      8.3500000000E+02      1           1.0000000000E+00     
pp_0164               4.2500000000E+02      8.3500000000E+02      1           1.0000000000E+00     
pp_0165               4.7500000000E+02      8.3500000000E+02      1           1.0000000000E+00     
pp_0166               5.2500000000E+02      8.3500000000E+02      1           1.0000000000E+00     
pp_0167               5.7500000000E+02      8.3500000000E+02      1           1.0000000000E+00     
pp_0168               6.2500000000E+02      8.3500000000E+02      1           1.0000000000E+00     
pp_0169               6.7500000000E+02      8.3500000000E+02      1           1.0000000000E+00     
pp_0170               7.2500000000E+02      8.3500000000E+02      1           1.0000000000E+00     
pp_0171               7.7500000000E+02      8.3500000000E+02      1           1.0000000000E+00     
pp_0172               8.2500000000E+02      8.3500000000E+02      1           1.0000000000E+00     
pp_0173               8.7500000000E+02      8.3500000000E+02      1           1.0000000000E+00     
pp_0174               9.2500000000E+02      8.3500000000E+02      1           1.0000000000E+00     
pp_0175               9.7500000000E+02      8.3500000000E+02      1           1.0000000000E+00     
pp_0176               1.0250000000E+03      8.3500000000E+02      1           1.0000000000E+00     
pp_0177               1.0750000000E+03      8.3500000000E+02      1           1.0000000000E+00     
pp_0178               1.1250000000E+03      8.3500000000E+02      1           1.0000000000E+00     
pp_0179               1.1750000000E+03      8.3500000000E+02      1           1.0000000000E+00     
pp_0180               1.2250000000E+03      8.3500000000E+02      1           1.0000000000E+00     
pp_0181               1.2750000000E+03      8.3500000000E+02      1           1.0000000000E+00     
pp_0182               1.3250000000E+03      8.3500000000E+02      1           1.0000000000E+00     
pp_0183               1.3750000000E+03      8.3500000000E+02      1           1.0000000000E+00     
pp_0184               1.4250000000E+03      8.3500000000E+02      1           1.0000000000E+00     
pp_0185               1.4750000000E+03      8.3500000000E+02      1           1.0000000000E+00     
pp_0186               1.7500000000E+02      7.8500000000E+02      1           1.0000000000E+00     
pp_0187               2.2500000000E+02      7.8500000000E+02      1           1.0000000000E+00     
pp_0188               2.7500000000E+02      7.8500000000E+02      1           1.0000000000E+00     
pp_0189               3.2500000000E+02      7.8500000000E+02      1           1.0000000000E+00     
pp_0190               3.7500000000E+02      7.8500000000E+02      1           1.0000000000E+00     
pp_0191               4.2500000000E+02      7.8500000000E+02      1           1.0000000000E+00     
pp_0192               4.7500000000E+02      7.8500000000E+02      1           1.0000000000E+00     
pp_0193               5.2500000000E+02      7.8500000000E+02      1           1.0000000000E+00     
pp_0194               5.7500000000E+02      7.8500000000E+02      1           1.0000000000E+00     
pp_0195               6.2500000000E+02      7.8500000000E+02      1           1.0000000000E+00     
pp_0196               6.7500000000E+02      7.8500000000E+02      1           1.0000000000E+00     
pp_0197               7.2500000000E+02      7.8500000000E+02      1           1.0000000000E+00     
pp_0198               7.7500000000E+02      7.8500000000E+02      1           1.0000000000E+00     
pp_0199               8.2500000000E+02      7.8500000000E+02      1           1.0000000000E+00     
pp_0200               8.7500000000E+02      7.8500000000E+02      1           1.0000000000E+00     
pp_0201               9.2500000000E+02      7.8500000000E+02      1           1.0000000000E+00     
pp_0202               9.7500000000E+02      7.8500000000E+02      1           1.0000000000E+00     
pp_0203               1.0250000000E+03      7.8500000000E+02      1           1.0000000000E+00     
pp_0204               1.3250000000E+03      7.8500000000E+02      1           1.0000000000E+00     
pp_0205               1.3750000000E+03      7.8500000000E+02      1           1.0000000000E+00     
pp_0206               1.4250000000E+03      7.8500000000E+02      1           1.0000000000E+00     
pp_0207               1.4750000000E+03      7.8500000000E+02      1           1.0000000000E+00     
pp_0208               1.2500000000E+02      7.3500000000E+02      1           1.0000000000E+00     
pp_0209               1.7500000000E+02      7.3500000000E+02      1           1.0000000000E+00     
pp_0210               2.2500000000E+02      7.3500000000E+02      1           1.0000000000E+00     
pp_0211               2.7500000000E+02      7.3500000000E+02      1           1.0000000000E+00     
pp_0212               3.2500000000E+02      7.3500000000E+02      1           1.0000000000E+00     
pp_0213               3.7500000000E+02      7.3500000000E+02      1           1.0000000000E+00     
pp_0214               4.2500000000E+02      7.3500000000E+02      1           1.0000000000E+00     
pp_0215               4.7500000000E+02      7.3500000000E+02      1           1.0000000000E+00     
pp_0216               5.2500000000E+02      7.3500000000E+02      1           1.0000000000E+00     
pp_0217               5.7500000000E+02      7.3500000000E+02      1           1.0000000000E+00     
pp_0218               6.2500000000E+02      7.3500000000E+02      1           1.0000000000E+00     
pp_0219               6.7500000000E+02      7.3500000000E+02      1           1.0000000000E+00     
pp_0220               7.2500000000E+02      7.3500000000E+02      1           1.0000000000E+00     
pp_0221               7.7500000000E+02      7.3500000000E+02      1           1.0000000000E+00     
pp_0222               8.2500000000E+02      7.3500000000E+02      1           1.0000000000E+00     
pp_0223               8.7500000000E+02      7.3500000000E+02      1           1.0000000000E+00     
pp_0224               9.2500000000E+02      7.3500000000E+02      1           1.0000000000E+00     
pp_0225               9.7500000000E+02      7.3500000000E+02      1           1.0000000000E+00     
pp_0226               1.0250000000E+03      7.3500000000E+02      1           1.0000000000E+00     
pp_0227               1.4750000000E+03      7.3500000000E+02      1           1.0000000000E+00     
pp_0228               1.2500000000E+02      6.8500000000E+02      1           1.0000000000E+00     
pp_0229               1.7500000000E+02      6.8500000000E+02      1           1.0000000000E+00     
pp_0230               2.2500000000E+02      6.8500000000E+02      1           1.0000000000E+00     
pp_0231               2.7500000000E+02      6.8500000000E+02      1           1.0000000000E+00     
pp_0232               3.2500000000E+02      6.8500000000E+02      1           1.0000000000E+00     
pp_0233               3.7500000000E+02      6.8500000000E+02      1           1.0000000000E+00     
pp_0234               4.2500000000E+02      6.8500000000E+02      1           1.0000000000E+00     
pp_0235               4.7500000000E+02      6.8500000000E+02      1           1.0000000000E+00     
pp_0236               5.2500000000E+02      6.8500000000E+02      1           1.0000000000E+00     
pp_0237               5.7500000000E+02      6.8500000000E+02      1           1.0000000000E+00     
pp_0238               6.2500000000E+02      6.8500000000E+02      1           1.0000000000E+00     
pp_0239               6.7500000000E+02      6.8500000000E+02      1           1.0000000000E+00     
pp_0240               7.2500000000E+02      6.8500000000E+02      1           1.0000000000E+00     
pp_0241               7.7500000000E+02      6.8500000000E+02      1           1.0000000000E+00     
pp_0242               8.2500000000E+02      6.8500000000E+02      1           1.0000000000E+00     
pp_0243               8.7500000000E+02      6.8500000000E+02      1           1.0000000000E+00     
pp_0244               9.2500000000E+02      6.8500000000E+02      1           1.0000000000E+00     
pp_0245               9.7500000000E+02      6.8500000000E+02      1           1.0000000000E+00     
pp_0246               1.0250000000E+03      6.8500000000E+02      1           1.0000000000E+00     
pp_0247               7.5000000000E+01      6.3500000000E+02      1           1.0000000000E+00     
pp_0248               1.2500000000E+02      6.3500000000E+02      1           1.0000000000E+00     
pp_0249               1.7500000000E+02      6.3500000000E+02      1           1.0000000000E+00     
pp_0250               2.2500000000E+02      6.3500000000E+02      1           1.0000000000E+00     
pp_0251               2.7500000000E+02      6.3500000000E+02      1           1.0000000000E+00     
pp_0252               3.2500000000E+02      6.3500000000E+02      1           1.0000000000E+00     
pp_0253               3.7500000000E+02      6.3500000000E+02      1           1.0000000000E+00     
pp_0254               4.2500000000E+02      6.3500000000E+02      1           1.0000000000E+00     
pp_0255               4.7500000000E+02      6.3500000000E+02      1           1.0000000000E+00     
pp_0256               5.2500000000E+02      6.3500000000E+02      1           1.0000000000E+00     
pp_0257               5.7500000000E+02      6.3500000000E+02      1           1.0000000000E+00     
pp_0258               6.2500000000E+02      6.3500000000E+02      1           1.0000000000E+00     
pp_0259               6.7500000000E+02      6.3500000000E+02      1           1.0000000000E+00     
pp_0260               7.2500000000E+02      6.3500000000E+02      1           1.0000000000E+00     
pp_0261               7.7500000000E+02      6.3500000000E+02      1           1.0000000000E+00     
pp_0262               8.2500000000E+02      6.3500000000E+02      1           1.0000000000E+00     
pp_0263               8.7500000000E+02      6.3500000000E+02      1           1.0000000000E+00     
pp_0264               9.2500000000E+02      6.3500000000E+02      1           1.0000000000E+00     
pp_0265               9.7500000000E+02      6.3500000000E+02      1           1.0000000000E+00     
pp_0266               7.5000000000E+01      5.8500000000E+02      1           1.0000000000E+00     
pp_0267               1.2500000000E+02      5.8500000000E+02      1           1.0000000000E+00     
pp_0268               1.7500000000E+02      5.8500000000E+02      1           1.0000000000E+00     
pp_0269               2.2500000000E+02      5.8500000000E+02      1           1.0000000000E+00     
pp_0270               2.7500000000E+02      5.8500000000E+02      1           1.0000000000E+00     
pp_0271               3.2500000000E+02      5.8500000000E+02      1           1.0000000000E+00     
pp_0272               3.7500000000E+02      5.8500000000E+02      1           1.0000000000E+00     
pp_0273               4.2500000000E+02      5.8500000000E+02      1           1.0000000000E+00     
pp_0274               4.7500000000E+02      5.8500000000E+02      1           1.0000000000E+00     
pp_0275               5.2500000000E+02      5.8500000000E+02      1           1.0000000000E+00     
pp_0276               5.7500000000E+02      5.8500000000E+02      1           1.0000000000E+00     
pp_0277               6.2500000000E+02      5.8500000000E+02      1           1.0000000000E+00     
pp_0278               6.7500000000E+02      5.8500000000E+02      1           1.0000000000E+00     
pp_0279               7.2500000000E+02      5.8500000000E+02      1           1.0000000000E+00     
pp_0280               7.7500000000E+02      5.8500000000E+02      1           1.0000000000E+00     
pp_0281               8.2500000000E+02      5.8500000000E+02      1           1.0000000000E+00     
pp_0282               8.7500000000E+02      5.8500000000E+02      1           1.0000000000E+00     
pp_0283               9.2500000000E+02      5.8500000000E+02      1           1.0000000000E+00     
pp_0284               9.7500000000E+02      5.8500000000E+02      1           1.0000000000E+00     
pp_0285               2.5000000000E+01      5.3500000000E+02      1           1.0000000000E+00     
pp_0286               7.5000000000E+01      5.3500000000E+02      1           1.0000000000E+00     
pp_0287               1.2500000000E+02      5.3500000000E+02      1           1.0000000000E+00     
pp_0288               1.7500000000E+02      5.3500000000E+02      1           1.0000000000E+00     
pp_0289               2.2500000000E+02      5.3500000000E+02      1           1.0000000000E+00     
pp_0290               2.7500000000E+02      5.3500000000E+02      1           1.0000000000E+00     
pp_0291               3.2500000000E+02      5.3500000000E+02      1           1.0000000000E+00     
pp_0292               3.7500000000E+02      5.3500000000E+02      1           1.0000000000E+00     
pp_0293               4.2500000000E+02      5.3500000000E+02      1           1.0000000000E+00     
pp_0294               4.7500000000E+02      5.3500000000E+02      1           1.0000000000E+00     
pp_0295               5.2500000000E+02      5.3500000000E+02      1           1.0000000000E+00     
pp_0296               5.7500000000E+02      5.3500000000E+02      1           1.0000000000E+00     
pp_0297               6.2500000000E+02      5.3500000000E+02      1           1.0000000000E+00     
pp_0298               6.7500000000E+02      5.3500000000E+02      1           1.0000000000E+00     
pp_0299               7.2500000000E+02      5.3500000000E+02      1           1.0000000000E+00     
pp_0300               7.7500000000E+02      5.3500000000E+02      1           1.0000000000E+00     
pp_0301               8.2500000000E+02      5.3500000000E+02      1           1.0000000000E+00     
pp_0302               8.7500000000E+02      5.3500000000E+02      1           1.0000000000E+00     
pp_0303               9.2500000000E+02      5.3500000000E+02      1           1.0000000000E+00     
pp_0304               9.7500000000E+02      5.3500000000E+02      1           1.0000000000E+00     
pp_0305               2.5000000000E+01      4.8500000000E+02      1           1.0000000000E+00     
pp_0306               7.5000000000E+01      4.8500000000E+02      1           1.0000000000E+00     
pp_0307               1.2500000000E+02      4.8500000000E+02      1           1.0000000000E+00     
pp_0308               1.7500000000E+02      4.8500000000E+02      1           1.0000000000E+00     
pp_0309               2.2500000000E+02      4.8500000000E+02      1           1.0000000000E+00     
pp_0310               2.7500000000E+02      4.8500000000E+02      1           1.0000000000E+00     
pp_0311               3.2500000000E+02      4.8500000000E+02      1           1.0000000000E+00     
pp_0312               3.7500000000E+02      4.8500000000E+02      1           1.0000000000E+00     
pp_0313               4.2500000000E+02      4.8500000000E+02      1           1.0000000000E+00     
pp_0314               4.7500000000E+02      4.8500000000E+02      1           1.0000000000E+00     
pp_0315               5.2500000000E+02      4.8500000000E+02      1           1.0000000000E+00     
pp_0316               5.7500000000E+02      4.8500000000E+02      1           1.0000000000E+00     
pp_0317               6.2500000000E+02      4.8500000000E+02      1           1.0000000000E+00     
pp_0318               6.7500000000E+02      4.8500000000E+02      1           1.0000000000E+00     
pp_0319               7.2500000000E+02      4.8500000000E+02      1           1.0000000000E+00     
pp_0320               7.7500000000E+02      4.8500000000E+02      1           1.0000000000E+00     
pp_0321               8.2500000000E+02      4.8500000000E+02      1           1.0000000000E+00     
pp_0322               8.7500000000E+02      4.8500000000E+02      1           1.0000000000E+00     
pp_0323               9.2500000000E+02      4.8500000000E+02      1           1.0000000000E+00     
pp_0324               9.7500000000E+02      4.8500000000E+02      1           1.0000000000E+00     
pp_0325               2.5000000000E+01      4.3500000000E+02      1           1.0000000000E+00     
pp_0326               7.5000000000E+01      4.3500000000E+02      1           1.0000000000E+00     
pp_0327               1.2500000000E+02      4.3500000000E+02      1           1.0000000000E+00     
pp_0328               1.7500000000E+02      4.3500000000E+02      1           1.0000000000E+00     
pp_0329               2.2500000000E+02      4.3500000000E+02      1           1.0000000000E+00     
pp_0330               2.7500000000E+02      4.3500000000E+02      1           1.0000000000E+00     
pp_0331               3.2500000000E+02      4.3500000000E+02      1           1.0000000000E+00     
pp_0332               3.7500000000E+02      4.3500000000E+02      1           1.0000000000E+00     
pp_0333               4.2500000000E+02      4.3500000000E+02      1           1.0000000000E+00     
pp_0334               4.7500000000E+02      4.3500000000E+02      1           1.0000000000E+00     
pp_0335               5.2500000000E+02      4.3500000000E+02      1           1.0000000000E+00     
pp_0336               5.7500000000E+02      4.3500000000E+02      1           1.0000000000E+00     
pp_0337               6.2500000000E+02      4.3500000000E+02      1           1.0000000000E+00     
pp_0338               6.7500000000E+02      4.3500000000E+02      1           1.0000000000E+00     
pp_0339               7.2500000000E+02      4.3500000000E+02      1           1.0000000000E+00     
pp_0340               7.7500000000E+02      4.3500000000E+02      1           1.0000000000E+00     
pp_0341               8.2500000000E+02      4.3500000000E+02      1           1.0000000000E+00     
pp_0342               8.7500000000E+02      4.3500000000E+02      1           1.0000000000E+00     
pp_0343               9.2500000000E+02      4.3500000000E+02      1           1.0000000000E+00     
pp_0344               9.7500000000E+02      4.3500000000E+02      1           1.0000000000E+00     
pp_0345               2.5000000000E+01      3.8500000000E+02      1           1.0000000000E+00     
pp_0346               7.5000000000E+01      3.8500000000E+02      1           1.0000000000E+00     
pp_0347               1.2500000000E+02      3.8500000000E+02      1           1.0000000000E+00     
pp_0348               1.7500000000E+02      3.8500000000E+02      1           1.0000000000E+00     
pp_0349               2.2500000000E+02      3.8500000000E+02      1           1.0000000000E+00     
pp_0350               2.7500000000E+02      3.8500000000E+02      1           1.0000000000E+00     
pp_0351               3.2500000000E+02      3.8500000000E+02      1           1.0000000000E+00     
pp_0352               3.7500000000E+02      3.8500000000E+02      1           1.0000000000E+00     
pp_0353               4.2500000000E+02      3.8500000000E+02      1           1.0000000000E+00     
pp_0354               4.7500000000E+02      3.8500000000E+02      1           1.0000000000E+00     
pp_0355               5.2500000000E+02      3.8500000000E+02      1           1.0000000000E+00     
pp_0356               5.7500000000E+02      3.8500000000E+02      1           1.0000000000E+00     
pp_0357               6.2500000000E+02      3.8500000000E+02      1           1.0000000000E+00     
pp_0358               6.7500000000E+02      3.8500000000E+02      1           1.0000000000E+00     
pp_0359               7.2500000000E+02      3.8500000000E+02      1           1.0000000000E+00     
pp_0360               7.7500000000E+02      3.8500000000E+02      1           1.0000000000E+00     
pp_0361               8.2500000000E+02      3.8500000000E+02      1           1.0000000000E+00     
pp_0362               8.7500000000E+02      3.8500000000E+02      1           1.0000000000E+00     
pp_0363               9.2500000000E+02      3.8500000000E+02      1           1.0000000000E+00     
pp_0364               9.7500000000E+02      3.8500000000E+02      1           1.0000000000E+00     
pp_0365               2.5000000000E+01      3.3500000000E+02      1           1.0000000000E+00     
pp_0366               7.5000000000E+01      3.3500000000E+02      1           1.0000000000E+00     
pp_0367               1.2500000000E+02      3.3500000000E+02      1           1.0000000000E+00     
pp_0368               1.7500000000E+02      3.3500000000E+02      1           1.0000000000E+00     
pp_0369               2.2500000000E+02      3.3500000000E+02      1           1.0000000000E+00     
pp_0370               2.7500000000E+02      3.3500000000E+02      1           1.0000000000E+00     
pp_0371               3.2500000000E+02      3.3500000000E+02      1           1.0000000000E+00     
pp_0372               8.2500000000E+02      3.3500000000E+02      1           1.0000000000E+00     
pp_0373               8.7500000000E+02      3.3500000000E+02      1           1.0000000000E+00     
pp_0374               9.2500000000E+02      3.3500000000E+02      1           1.0000000000E+00     
pp_0375               9.7500000000E+02      3.3500000000E+02      1           1.0000000000E+00     
pp_0376               2.5000000000E+01      2.8500000000E+02      1           1.0000000000E+00     
pp_0377               7.5000000000E+01      2.8500000000E+02      1           1.0000000000E+00     
pp_0378               1.2500000000E+02      2.8500000000E+02      1           1.0000000000E+00     
pp_0379               1.7500000000E+02      2.8500000000E+02      1           1.0000000000E+00     
pp_0380               2.2500000000E+02      2.8500000000E+02      1           1.0000000000E+00     
pp_0381               2.7500000000E+02      2.8500000000E+02      1           1.0000000000E+00     
pp_0382               8.7500000000E+02      2.8500000000E+02      1           1.0000000000E+00     
pp_0383               9.2500000000E+02      2.8500000000E+02      1           1.0000000000E+00     
pp_0384               9.7500000000E+02      2.8500000000E+02      1           1.0000000000E+00     
pp_0385               2.5000000000E+01      2.3500000000E+02      1           1.0000000000E+00     
pp_0386               7.5000000000E+01      2.3500000000E+02      1           1.0000000000E+00     
pp_0387               1.2500000000E+02      2.3500000000E+02      1           1.0000000000E+00     
pp_0388               1.7500000000E+02      2.3500000000E+02      1           1.0000000000E+00     
pp_0389               9.2500000000E+02      2.3500000000E+02      1           1.0000000000E+00     
pp_0390               9.7500000000E+02      2.3500000000E+02      1           1.0000000000E+00     
pp_0391               1.0250000000E+03      2.3500000000E+02      1           1.0000000000E+00     
pp_0392               2.5000000000E+01      1.8500000000E+02      1           1.0000000000E+00     
pp_0393               7.5000000000E+01      1.8500000000E+02      1           1.0000000000E+00     
pp_0394               9.7500000000E+02      1.8500000000E+02      1           1.0000000000E+00     
pp_0395               1.0250000000E+03      1.8500000000E+02      1           1.0000000000E+00     
pp_0396               9.7500000000E+02      1.3500000000E+02      1           1.0000000000E+00     
pp_0397               1.0250000000E+03      1.3500000000E+02      1           1.0000000000E+00     
pp_0398               9.7500000000E+02      8.5000000000E+01      1           1.0000000000E+00     
pp_0399               9.7500000000E+02      3.5000000000E+01      1           1.0000000000E+00     
